1648
1968
2183
2713
2868
3327
5481
6455
7560
9457
9953
11190
13645
14199
14434
14531
16092
17000
17051
17123
18333
19069
23968
25397
25974
26979
28259
29148
30064
30305
30895
32792
34461
34820
34967
36836
38159
38289
38374
41219
41809
42992
43500
44151
45317
45743
46692
46728
47560
48477
52024
52314
52770
54120
55757
60391
61550
61824
62643
63875
66150
66837
68052
68460
68631
68944
69438
69465
74182
74318
75587
75915
75983
76106
76519
76636
81229
82246
82426
84189
85562
86118
86696
86832
87353
87852
88838
88990
90676
90744
91223
92254
93245
93516
93618
93966
94301
95938
96180
97740
