6532
53831
23293
83077
33797
44752
57959
21941
67229
50783
57687
45292
22581
86536
52525
94690
23559
77022
56773
27038
66377
19825
89963
25249
44002
76502
25724
65532
17571
60814
83172
5250
27259
17422
67562
68486
31794
6512
14894
48852
94987
26645
54871
70404
41178
28404
5839
6705
46006
24455
23507
59308
11284
68596
69955
10910
38797
11212
40175
57887
165
16558
62091
37654
95478
49192
22204
55414
13636
53791
3206
15353
19688
6952
52925
61886
78138
38319
53576
4203
87128
61596
16157
31190
42327
52086
64975
74774
15156
59996
25111
77556
17295
9425
82815
70218
99508
38532
29303
60922
13842
83960
34659
34561
77629
85604
17415
61937
56099
9496
73492
6644
69321
30061
2074
85019
35870
98766
8827
67922
20171
15919
3754
38554
33453
95876
66409
66649
17830
62084
64385
59592
35790
57798
59323
67552
96533
95538
92240
70334
95452
20403
15584
42873
84019
41846
41795
41065
33958
61202
7921
75426
59461
1155
21345
94701
25636
68963
62508
42557
34818
31583
53511
16092
79938
41127
94114
15165
16190
56709
42288
74857
36163
54225
43697
43518
89613
46212
79950
45457
28365
41794
71568
16842
64807
55790
42395
30152
29000
25363
55494
67592
59610
89171
82475
76567
24792
17150
87830
81899
94507
46007
61932
27915
1006
777
54714
49660
86914
83920
50632
27461
73478
10134
51920
56565
29930
42495
84419
78141
93360
34717
68390
1763
5473
92353
36895
55010
91528
65321
89403
28387
44500
19975
98605
50301
3731
76939
27426
7033
12970
20290
90563
17085
88095
31151
797
91998
93560
50868
762
29058
42505
15055
26797
72434
55093
33793
15769
26511
31912
12141
68064
47071
4588
30043
29215
31583
79991
23446
33188
81917
45244
72756
7799
55910
96826
29812
99036
95969
30319
20284
19557
49177
51167
63966
16640
77611
30676
33331
7345
80649
82539
2040
40364
68085
19793
46507
17975
73305
97546
71954
24837
20549
9752
35098
80826
59421
67566
21514
98062
90786
44803
15652
49689
89256
29174
12389
85009
64024
95898
84635
64477
68596
35908
17602
12372
81544
48752
97938
10522
87937
67006
66252
784
25982
68270
93947
95105
11146
30999
10245
69035
44422
13533
37201
16644
80338
1801
40463
21218
39497
55025
72464
21893
20408
78550
98953
72215
73487
41811
65781
8570
96718
33972
80352
95767
80898
90003
73546
49736
23653
11764
34989
41440
7331
87098
94461
26760
47367
89670
64240
22175
37994
39889
34565
31049
93480
90892
18503
43963
33004
98891
28040
58891
82884
81473
74073
57243
22749
3605
38197
17663
37186
35121
22955
83071
78186
82559
97457
63188
37654
51903
44809
66088
38001
29197
36804
67894
84881
43113
40717
31758
81375
27911
53118
40456
52573
87866
55154
25338
16597
41088
86910
52221
13704
21590
78760
47520
58831
6849
12667
72548
96054
51348
48646
39919
47648
12347
29822
88417
22811
53029
39822
91814
59182
74037
9053
99323
31953
32808
82005
39779
76655
79284
79141
64185
11542
90193
32650
82315
97860
73394
67270
35846
89118
36155
74966
19588
39683
62538
50973
43764
85242
5857
3231
13494
67074
99172
89854
57897
29343
77589
74609
3789
47558
36740
29407
78334
70255
88486
96483
45740
38735
65062
32543
47491
84948
20326
48633
86415
36813
83874
36056
4836
90932
78497
72624
35494
17627
82686
87064
55977
34497
49073
74468
37637
1502
86511
59081
1892
26924
5032
65683
31477
63234
74641
89694
63531
53239
78711
43214
99778
8308
95323
91679
80584
57625
27635
30033
64015
21389
87872
79814
63467
7198
94383
16917
96700
13218
54221
16200
83171
34845
39124
37936
28973
2323
77540
96242
23526
49096
2340
83956
41877
52121
9170
29808
48631
20655
62447
63150
45014
75228
33474
41114
12753
83676
90464
52239
87130
26240
8596
1067
40915
46099
64892
93502
58046
21589
91548
68071
25664
98827
11919
75961
27050
91652
69926
8817
83460
87305
46367
584
34650
67400
45021
75796
73754
46294
72664
33971
99664
28356
23443
56193
30197
11531
37755
26806
89689
62299
24438
41992
54471
69270
75021
99002
7074
25324
36640
83472
51983
38961
86914
92272
24791
1965
25114
87017
40905
73060
45763
79043
70236
46553
50045
34951
20966
90083
1125
8360
21033
92385
13315
5803
18167
84113
93583
34237
91623
47839
37146
83479
49235
70522
55908
50771
72002
47369
95572
92550
62670
87846
96197
25379
38262
73219
11395
71019
48678
51250
33333
11136
50516
15713
82585
57265
59699
98208
40333
78089
27261
36474
23513
13185
67361
64914
33411
83929
62935
85542
34013
25323
18508
22097
65468
52888
43760
70779
93173
21583
70934
35615
92678
22052
60115
42859
26142
15315
67676
17825
29029
97996
76245
26153
65852
55064
97077
58176
39509
21995
28586
21912
70168
62090
53373
58180
37629
94543
39587
98477
4185
1326
60370
59318
87349
96789
60781
41080
55306
13804
28908
84296
58248
15634
21810
59603
55511
77591
29609
13779
91292
72440
4168
92776
6623
18931
84868
91264
34124
42722
98449
52587
59510
12805
55877
69272
57774
96619
25368
73157
38198
69130
2358
97450
50351
76165
37230
43862
52062
92574
68488
24478
70150
48715
27028
3147
5765
82824
91571
80115
51083
67856
66374
25672
67546
3005
44052
93631
60665
28427
14848
51429
64513
3773
66743
47488
81061
88200
32026
36912
34384
15197
4584
32547
40024
77883
53558
78634
97592
33300
51985
76730
77217
68009
10633
81341
52698
54485
87866
76568
60520
561
61034
13556
85895
99063
886
34603
4992
56632
90482
20664
79010
67093
43896
36558
82663
92915
45920
11004
4588
59927
28502
68238
91262
18190
92607
86513
36971
64035
33610
99753
70610
70938
32847
55328
34709
87572
11252
28561
59877
18909
16614
76993
17854
47342
40599
36724
79925
90219
62656
11706
20247
76758
47341
70135
49016
78627
1412
39810
48795
43523
45252
39611
24398
87983
75167
10147
53671
23804
11141
14040
98151
57129
12669
26706
51301
26920
40922
35516
45850
92462
82881
77030
18810
18304
36982
99719
95868
57567
72056
12766
85808
25215
69053
41892
38003
48316
89797
91257
31378
4598
57786
89656
83051
14277
96417
28822
99302
41744
97572
61895
71265
46972
66320
79852
67391
60784
89003
34780
21507
35261
62798
98344
840
30095
2381
75744
59931
7972
59562
51717
28843
6557
20555
70457
39300
90203
50088
29733
20807
18235
62291
99342
82149
55397
68990
3869
