99573
43846
8241
27350
40518
74785
65845
71798
9538
14569
31953
38852
34015
93872
54976
1448
38779
28209
97169
72411
50637
38875
8362
23635
93068
25622
31013
47551
52322
86664
86392
1742
80558
31705
95940
50297
31956
25535
24192
53076
70892
95959
94121
67247
99176
97739
26926
26564
69221
16751
5418
48608
61437
44460
3671
38408
3590
26358
42874
57609
8582
21322
98
86671
93564
21936
10337
31116
42654
29331
21626
66885
71917
17156
79073
67944
71601
53575
95387
22851
75870
18674
68803
65098
46110
22473
95147
70419
12385
50672
92867
66728
56600
47394
65357
36563
18615
83851
13617
69655
24199
38942
71476
40917
14942
38300
97415
15379
37522
23162
74689
78986
94274
20426
98797
21344
72408
38479
77399
82555
56942
87437
86306
49524
37508
84350
8226
30560
23158
35879
835
92429
71763
11181
67002
90816
18375
3882
27393
44557
26049
1094
56489
86193
98678
15268
62921
49680
96350
25403
55446
60955
31040
19268
86003
90501
47555
51627
92054
66151
11657
24399
33092
68357
8767
8043
77443
74897
74537
45222
69526
22002
36353
91263
49430
36163
90798
9231
38973
76850
63157
71797
41360
49599
57771
36036
85340
29885
34885
96079
33084
85093
2939
81883
22880
99402
84433
57133
3757
92787
34742
13607
1382
74071
96874
81863
1941
42891
84660
68668
66493
88710
76823
39975
40616
51792
90986
89549
57680
64641
42837
96331
3826
69722
38302
19763
88939
18389
36865
47881
69996
11219
36973
23760
10888
81638
22920
21110
35968
47707
22361
33690
50325
58997
3345
69185
29200
85196
77546
92943
34943
49729
99968
59151
12476
59656
54701
97603
22885
14202
7115
19064
6343
96194
12301
12916
93060
5300
83871
66755
70407
83807
40978
1416
97948
82001
6024
4025
76187
27711
77220
55595
45767
64231
87034
48679
35344
13997
34210
87998
53768
90631
53946
22755
371
40162
1200
74427
62079
9214
6286
60760
65217
9022
62141
37536
40652
56047
17478
97247
95258
23518
3388
14772
84812
58373
63412
33627
35013
68140
24987
2896
70799
12602
29474
11795
92124
36249
87531
45459
92551
54363
5590
30206
56608
44809
48312
8743
19905
18508
78102
75557
82742
13226
72528
45799
81412
54751
57174
52353
23818
2953
72051
64274
27970
84437
53883
77682
72903
2412
7282
58144
56819
42462
6652
92908
14512
45237
36995
91196
46341
86605
43984
74866
3128
82496
67138
26863
95800
46454
77378
55684
49153
60993
82612
86584
4210
83411
60927
22605
10204
33197
52166
88668
77006
52289
66440
71534
56214
37110
31829
16226
6174
63257
97238
60691
61348
56847
73581
46131
78601
86504
8134
29338
92772
43835
63158
65090
45655
51084
78107
99414
79330
2472
55087
1820
52263
90442
65027
26131
42394
44454
21418
70684
59682
89907
60496
52963
67381
93696
70938
14166
97759
36925
1198
4773
20154
87325
43201
34173
81417
66014
26699
47557
73937
62612
28703
64786
20405
70394
72268
20
15392
21332
93890
2685
77141
96601
85918
62837
18556
63913
63463
79519
53613
66921
96973
79600
33918
43793
99644
4997
38929
95258
552
86491
46040
53642
3152
47687
13074
30218
59561
11284
33387
71451
80811
17689
71366
39676
3730
68161
26666
45314
38037
56076
77934
2702
54075
5250
76210
20239
99370
12817
99830
52352
48428
59548
29829
96823
79674
24122
57261
47166
8963
97694
28632
92727
3987
77363
12128
30068
87669
12276
82681
12781
12566
15257
19568
23896
98649
26205
98514
63488
90238
45391
70131
43751
75669
58506
9930
89220
20074
26345
13109
76353
75452
19192
74247
44809
11507
35802
89015
79849
5512
42539
34726
5127
22084
57414
67167
35530
45173
75125
34136
44428
33445
15835
31406
93248
12525
85537
36692
99421
93305
18522
58337
5003
98622
76024
10410
27769
36113
99459
76659
30493
44140
99418
81145
53646
46380
77045
93030
9908
30884
40722
92261
58744
35439
15643
73977
67435
67570
16616
77198
18164
44574
76023
55845
88547
82178
97058
36908
32612
89712
75463
5045
69630
75694
7760
54439
42936
17855
53091
26305
68658
97767
59640
67186
78097
48459
52684
88626
54892
38221
19414
76028
90390
22063
49247
71778
80397
88839
22215
16901
38625
74294
25412
96523
40933
43111
95693
96228
94231
64981
75873
9364
68230
3785
56490
66775
39051
80930
48992
96133
50469
26831
2806
50497
22336
6402
40505
65967
1308
34133
55092
84236
21375
71510
27178
87260
95048
71643
50716
23083
38688
54074
60440
27024
61599
4500
66447
30228
28026
62498
88869
14383
59313
31148
93906
22086
61864
99360
30218
29350
9828
45370
31169
81121
20660
90991
59172
5265
39109
38255
98283
2761
7885
47442
38213
5219
66099
87551
70941
41896
55068
30976
3128
40270
17558
33060
82017
34552
94205
49662
13439
57930
37761
78208
80579
37637
66134
61501
58377
25605
35961
7770
80203
31422
34654
67771
98266
94033
64316
67513
69586
83480
96045
68286
76082
64677
29230
32970
64199
13004
71000
87802
21096
83436
77595
31285
30263
6160
54757
67604
83299
16093
37022
74434
13254
46841
70511
93261
92675
53627
20683
89872
37886
6100
35311
10100
20085
69878
79103
88625
49869
81042
46218
53804
36011
46995
42037
18412
39918
13386
84124
39427
44694
12078
45647
34197
38560
18063
22941
70516
55850
34940
57188
68860
28694
88227
80428
10803
62861
29866
97346
85309
23685
75130
73436
95540
92996
30989
66240
28154
7030
94481
58360
17270
92093
96136
73951
43477
32325
71235
71305
11294
98644
28994
50923
63549
34815
92603
73041
81322
283
45873
65064
48404
53914
23158
41308
2491
76885
66032
43079
50591
24914
89048
64283
36827
39223
11031
86021
23789
95872
16609
40249
59194
3817
84970
19132
7130
5650
72875
56625
61120
1775
34863
18092
52061
23126
25014
46645
51415
45198
61314
877
74677
65402
97245
9334
23571
1620
42849
28027
87466
83427
58260
36693
29467
72316
37801
79306
8846
61139
29225
72092
26517
43700
84637
96376
5985
36625
84314
70017
48300
56641
25656
39502
35119
34009
82567
45817
69380
45112
95164
39382
7378
93381
6339
31207
11535
57693
21442
15233
41760
80188
81970
4065
90536
2082
65317
97776
59804
77737
3859
55241
19710
2474
60315
51098
868
80660
71252
53625
63005
72424
73137
96257
74218
28442
57987
35273
77179
82760
13407
7456
68481
17533
69679
81239
68154
10884
98881
77637
72003
35940
16803
43642
9778
41347
10627
39948
73898
27812
10784
96683
63874
69931
30802
28032
57008
61143
17682
36581
39267
24086
33395
24554
40167
35036
60378
75308
12008
2021
13543
36879
79094
96656
73964
2750
13559
89358
9493
85255
91020
51254
81206
38133
85799
198
30755
89662
45599
13913
24044
21891
97308
98866
99501
80994
61098
7252
11608
97470
89436
62474
83368
64023
75429
22159
77107
93177
30718
50335
60714
73062
23766
83375
94041
43861
89950
58906
67434
86882
95690
50383
27310
29487
37081
59337
46251
26749
93240
86241
23945
17046
9329
65754
75434
10564
24484
64220
4799
40475
24511
92232
86162
16771
77538
40882
25856
67372
57342
60001
91415
15525
28020
77733
63314
70949
27531
92664
46463
62902
88689
87065
84885
90600
53303
12665
68400
53939
12003
72307
65382
94523
27679
97606
38859
20261
72057
12576
41105
70241
29546
16682
6755
84757
80747
85916
22946
14873
68634
46211
61986
86003
32837
83218
25629
95392
12777
60558
83395
65155
75834
37076
49220
95032
45234
72643
12547
54654
5301
15012
41078
63270
75902
90298
38868
70763
65342
60739
73599
25527
53172
39727
45486
35296
20286
25150
5880
23663
58484
54358
64162
71363
25972
61211
55978
70220
25250
24859
14777
28140
7679
14135
40098
40948
20859
45393
63386
9743
72441
68100
80078
73783
98479
16057
29657
52933
97415
86285
94982
31879
96293
22254
38096
43100
98965
66117
76661
1362
37517
34794
99989
56455
81813
75652
9494
68689
28676
42142
98455
80139
40215
6507
99564
9526
88823
2615
76641
93302
26534
11087
10413
70677
32430
97158
73341
47835
35186
19460
20797
10818
98975
97621
45186
21395
9012
81866
46341
35113
72542
17079
32646
7925
25387
61744
74807
75938
52794
96205
82715
33639
48285
53084
92200
31150
24745
54311
71918
95921
41245
60917
92358
9964
32405
92262
99023
12259
23549
11236
80724
86004
66212
47995
9561
83969
10385
88626
26743
62502
56258
73286
51327
33730
32258
4659
63370
44143
96870
79046
23869
22675
913
93167
14550
88893
52768
92824
71011
94745
96912
55478
45428
69666
97655
56250
238
86022
92676
58052
41168
41651
25919
87705
85742
65834
12810
42019
76091
31080
72662
72944
24062
36838
70084
94632
83880
79095
66202
27752
50239
19909
88257
84174
33264
78495
60561
97020
75479
14343
71096
27326
70326
67441
12689
41471
83911
42303
85636
5040
80651
50014
21466
86584
33782
62731
99911
77192
31670
32163
91
99072
16619
97866
37361
78977
45483
41038
77918
40376
93374
48437
82511
81335
37425
40917
98306
57326
41606
11319
8050
99571
76117
58000
67556
53630
78847
17623
34649
41655
70697
85701
34442
44788
7893
18799
93738
54179
38160
53261
34196
14721
46805
36842
6827
81572
22424
9735
19185
77374
30669
43902
50430
66161
27820
81268
14566
34394
60802
49347
53527
54105
64783
91197
54281
36141
94406
60329
98495
79464
21045
51492
73543
1641
82228
52874
51019
58462
77928
56480
33459
5542
22796
26519
13965
41749
23537
40428
92933
9775
43912
30305
75567
17334
71203
52193
59134
5157
6705
56759
2384
33951
90672
15587
91208
71479
47734
23577
9628
21580
37040
78460
90392
48100
19005
72344
1494
73425
33246
19492
80233
53573
42227
53565
94492
37571
16516
84689
11025
48410
50835
20924
65419
28704
58376
88823
14511
38951
13333
59520
52271
37116
32300
58062
68921
36445
50218
68813
70072
7203
70148
64230
49430
92627
79922
17231
78453
41137
34193
69086
20260
50464
50854
77427
11911
72917
7644
93646
24728
56428
93126
81671
2710
85239
61183
8409
94502
91149
96976
9461
96353
47014
67759
68990
99244
9175
95933
41043
23854
39945
12577
38347
35262
85589
28760
98763
49742
15026
54496
22136
80505
98895
44714
47763
2631
7360
75857
55681
46404
87180
55910
1291
2017
11494
88118
67036
48911
99006
81821
17925
25519
35874
53860
7186
19638
19567
16639
26331
58092
31608
47301
8625
57440
23042
52204
34588
59238
84777
23731
49548
65121
16156
31530
23626
6871
4779
42272
42706
5416
42734
24946
57854
8628
82899
29900
21463
7608
17441
84328
388
7539
64301
74698
28774
12943
4538
53780
53844
622
40765
15756
76514
92327
34073
65272
27240
2526
69266
61109
77224
2275
18631
85076
37420
82440
4907
67580
14393
86798
92339
31193
86699
91582
5578
58077
44587
78840
77461
48879
50333
47977
56239
94774
56837
85399
34928
32171
24994
52863
50334
94778
40019
20582
24594
73603
18457
5878
12697
29133
98565
32425
72787
13109
23961
72638
53562
70794
13864
51910
24730
11419
28307
25044
565
31341
37517
20577
18647
26683
4896
98362
84980
26794
52058
91041
3325
8607
60362
4340
61337
17261
36780
88268
25333
36250
50232
26666
53693
94590
58394
19909
7135
49145
8832
81760
9503
57802
8759
87135
67061
30054
45910
80807
61417
28561
84390
4612
13448
32672
2698
25539
49403
53671
68532
57152
81608
15040
58805
49979
59423
36127
27109
2417
87286
86227
52371
32908
8107
40420
47384
45163
69285
69701
19418
8920
48115
39268
57961
20300
218
79227
21376
81109
3536
59305
47137
7619
34324
94669
56093
58115
49424
41470
1323
45417
16662
407
58763
2442
27003
7471
50444
39952
29447
87523
97827
12373
47604
36654
3976
85419
51981
77324
87835
37409
3815
76993
6137
79570
17113
94790
84181
72526
64012
43724
95741
51674
14022
7424
99809
87039
52149
98259
94032
97825
83237
65070
73705
97035
33655
90195
48009
31369
75316
18562
1341
3262
71716
26975
15987
36277
81692
23216
24850
77194
20262
94396
76845
94613
90656
41105
35903
78585
19129
48061
90183
24764
99625
9012
8039
96074
92802
52687
69395
79080
7208
70608
9351
43046
52730
50837
88511
82390
1376
23757
90595
41357
71582
88963
90206
2691
24801
97787
46763
76901
6845
80829
30582
28753
90220
9463
86334
5745
31958
39214
98579
57384
53145
16764
28482
51495
99803
61703
61349
30604
44388
13297
63539
45778
56616
98936
25737
15043
80735
8056
42493
64217
87883
57163
94949
17246
15964
98604
25962
38074
82722
36734
31301
4352
62642
94378
41254
6074
12645
83841
5333
78764
7045
56252
70999
68253
91021
70041
14616
82393
70442
5413
82567
91495
61411
5964
43432
78026
63864
7546
40791
66044
52331
69909
59451
52640
39186
26588
46992
47128
28594
56151
21337
68309
18584
45905
27779
2018
18397
78206
75805
98042
58319
65217
89681
64945
82315
6166
67129
99305
69809
13205
46650
48934
8172
28645
95677
28206
3167
9088
48960
71725
59741
87313
44741
10992
93549
70651
23548
64124
86386
12221
68663
75874
93437
26948
89303
70952
76208
12479
84744
35652
72144
22219
18221
25344
85395
35872
25426
60551
28525
20344
42759
59371
6359
3427
18722
94646
6335
44019
77288
81115
45224
70466
18962
45743
6754
28484
80374
48741
15216
61679
20808
77789
8771
9665
40217
58075
34931
60228
52304
74838
80817
54266
97088
95930
39706
99165
48466
56214
67994
61945
7120
93291
14536
18813
75623
59697
93550
35010
90965
77674
66856
42527
45896
75219
47066
29645
78002
54139
11652
50406
21687
71944
27008
13077
29116
91316
75060
58617
29653
9455
23281
71371
72118
93207
417
56378
53077
42693
60162
63756
93232
41088
70605
1104
45300
18545
43746
4165
52680
24712
25899
78559
33803
73576
59023
84524
52256
61711
17090
43065
14647
24797
19899
21199
62184
97560
98011
12442
32479
56805
91297
77258
66049
98797
24807
38848
79467
30105
45300
11392
69434
18862
89178
75445
56111
30540
24049
18595
31274
60240
71554
9985
32818
24706
43881
61183
51506
52626
75763
31246
5620
23559
54887
37038
76313
41026
32066
52536
96874
55331
93183
5131
20314
63945
16693
34449
26943
14724
15279
67507
50122
18047
60150
25521
15194
13339
19701
77384
54844
85793
84028
60738
39280
53535
56020
41853
76979
35162
19066
4002
80383
84724
39837
49832
64765
10108
31405
11518
65288
39286
46218
36775
73026
77019
1525
39510
36991
58886
51245
46337
75071
89778
67250
47799
49736
27257
16393
95857
93633
59114
5499
12414
69981
95850
35456
99261
17412
71129
15257
14130
97451
74291
73384
32477
98498
50085
74591
38545
7251
62928
43476
98890
47069
48889
79563
81530
6163
53283
89391
8905
8165
12048
27016
31801
28731
87329
81780
30982
89501
94032
40690
46195
3766
73909
11598
98281
48681
20219
21506
88681
98954
98941
28996
1289
11164
1504
50708
84970
72328
73175
9340
61823
54384
61417
71411
6460
25229
64952
44673
44527
38012
88252
20434
75194
13532
22930
51156
30040
91933
97043
6542
70476
13411
85414
31635
42099
81399
57086
93109
14538
22479
93545
425
30514
18694
30206
82301
71335
92983
9242
50231
92357
23970
62423
28099
1155
88675
25076
22448
87717
9436
95428
20431
45416
97229
78259
19743
85825
91309
85329
81631
42949
22183
73075
54205
95329
60124
18677
80538
89600
65545
69691
84294
73077
59221
54308
49765
10289
34399
58642
52041
87580
29903
80762
85861
48036
3627
74253
6425
15008
34970
7136
52154
2886
74866
42776
34520
83366
18080
62386
46922
22133
78516
13774
56989
71916
8006
19904
84780
28689
73995
63531
73230
96304
94360
79803
72104
42044
80340
34662
82423
97473
46713
12631
89909
46288
58367
9021
62859
85579
14661
2167
55914
8416
84487
43897
3806
81237
14780
69868
68077
26781
20667
11846
68957
6187
23425
22526
16295
23644
62520
98859
93823
67459
61508
35261
80609
77957
49027
78922
22586
76604
52161
4918
42353
93768
64768
65625
22642
80534
4857
2028
42488
69461
64126
45991
58988
38680
54836
65740
12013
99057
91952
32304
3143
64932
75634
24997
46516
75879
16432
51849
16737
39784
10421
48406
94959
64573
13711
61185
60026
17648
67337
11251
36081
59576
94464
12549
57794
47852
46487
67300
24594
32998
49398
33891
98596
86654
82291
66488
56873
34393
17371
16456
96273
52056
27163
65358
8060
85822
87363
8774
57125
44967
33718
56869
43151
65215
91646
45330
99519
69039
5045
16961
78602
2527
48578
43650
52181
5093
551
94908
74629
18488
60950
5285
17037
15216
1000
38406
99902
90726
81584
51729
90593
40456
12865
75116
59992
86915
42428
54223
31149
28060
9625
93159
78908
47289
19341
18744
71182
54960
57401
83773
27662
38841
48267
8327
95774
43427
43804
93549
16353
66524
55880
55790
19939
78408
32321
7280
23775
96319
89295
16517
62520
86051
63706
66852
79979
54510
32083
6555
32282
90716
36316
19892
3965
80548
96889
97766
23492
27563
50593
6913
18895
1626
26556
40950
72463
71516
23375
23585
11062
25073
82520
63877
34362
75590
79172
95240
83708
24920
97649
77357
24532
69576
4249
85328
64492
52838
65031
85710
18621
80634
33989
5151
30747
67627
30257
52032
95708
69271
24041
93026
71391
51810
52051
18892
29285
92719
54494
87284
61463
25800
25392
70089
64049
44478
66576
38543
60596
78018
96765
42061
55804
29591
8424
77124
6149
9557
58918
7038
86553
60387
87776
69600
87438
43557
50353
63929
35605
63999
50494
63645
55721
74123
26092
49410
47712
81343
78263
56965
20270
81652
65525
89529
81473
30229
15772
39826
89320
20267
75161
15614
94170
89812
85013
65067
70123
25168
17864
90574
85192
3213
49283
57976
84585
83179
91651
36242
9904
13119
18156
50178
44861
99924
51375
67267
45003
91326
75670
39441
49142
95790
26270
98566
74735
28568
37060
72362
5051
73258
84476
91306
24149
1230
97125
52488
30562
93722
39726
18612
98310
8936
50609
7356
99438
8384
63496
21259
19025
27709
12491
58988
10394
67025
86396
66441
99877
41382
93895
21247
5963
17523
78518
69314
32527
83362
24713
1702
7618
45642
50005
82558
87680
97481
53100
17146
43304
73473
27821
47475
82687
40061
26910
69066
27099
83950
13528
48250
16202
26802
85361
69421
7845
28363
52357
53532
85182
91334
29308
61481
92016
2770
85822
50156
41073
28882
33646
56571
76738
66051
95240
29016
39729
10796
88608
54959
37926
20835
82648
61997
34144
24620
96721
59802
8301
99589
33296
49964
94341
44197
86558
18621
70152
97698
39036
21601
65895
80883
26941
69652
71022
88333
31988
86380
52901
39231
31317
58568
42877
62565
87282
11503
67091
78965
29753
10762
65742
69366
4271
49008
63873
37593
31586
26712
65994
51108
55450
85654
60956
15924
11711
8330
52641
84016
56920
83875
92625
67946
2323
5693
6875
56609
51822
69752
84125
6961
35744
67215
97664
77061
98000
65736
28534
27047
17497
17482
20702
62703
27193
4117
94487
21272
3092
89275
65852
54163
18976
45402
65026
31703
86719
18785
14651
1902
2788
66813
74268
20220
8239
27865
38749
93728
11377
78278
40270
11345
67831
37864
83836
93459
95892
32068
38718
15518
12960
93983
16571
13046
27905
18850
30492
38620
97853
59576
43374
36058
6596
65132
17884
42684
75619
12941
25495
78876
13949
40096
72686
1636
54098
88037
87455
68971
48816
809
4274
4664
45052
59396
63188
26510
19275
2638
5394
27475
15917
38165
7881
92649
10089
8176
64227
22645
38791
21249
35195
48818
58870
13490
641
23681
27663
58843
4275
84840
27190
15020
47606
31256
8556
42196
2110
58428
68392
48809
22732
51661
35987
69254
25925
85814
737
80749
24558
76501
41139
32273
10581
35305
58088
57614
95440
80643
72783
8758
6354
64666
87705
95528
28089
29182
98750
55672
26546
71592
45888
29842
29057
39284
40133
11618
44804
48655
96121
13694
29203
32589
33323
38079
71120
22275
34580
77646
9049
14508
62714
33773
79729
98338
98292
6806
25628
60089
12517
80817
27155
87367
64097
1525
31386
24271
26989
82016
7501
2368
4246
51442
93048
64075
92986
75441
18689
84997
63395
12190
23435
79901
76705
94196
20957
90671
99286
35610
92026
98233
55020
87165
7298
18922
11963
58749
63332
3484
2014
95084
46805
44418
95619
22591
36952
58989
66627
12125
55970
13242
35336
43749
27266
47766
49838
22377
67802
32299
61752
42998
87885
58454
2220
87654
41334
68102
44097
16406
1106
19497
50069
61783
58614
73277
69476
15907
33748
17320
47526
52674
13851
50371
22204
1469
22768
14561
9154
96458
14405
38790
62787
75431
76804
23398
61783
21394
11879
64031
34751
85564
74615
99721
12575
90907
29545
5840
12133
79701
85978
33703
43235
76830
73669
88582
69762
63219
50176
15630
43002
59951
18729
50710
79020
66417
46628
75492
41922
20760
20976
47002
79425
22031
1335
51680
81366
39480
54571
47273
1874
4261
3590
37961
39547
94880
82030
15648
13759
68633
61670
43411
48412
23532
33585
42656
64787
42468
69871
22958
17858
68765
19749
9377
22825
97276
13809
29127
62184
9998
93972
29941
50816
1076
93372
84208
83926
8979
55320
22797
51095
3060
46099
66835
44820
8589
66948
80105
13262
32256
28445
72193
62100
77476
68917
90489
65409
96826
10962
12257
70515
36118
13192
88721
83493
58761
81472
32248
48135
78236
61354
82386
3165
16757
60876
83240
16996
3180
98072
95965
57504
5070
4865
89272
10474
36410
44290
77647
44007
44463
40680
9705
457
11210
413
80294
90225
16438
58545
97749
86989
95679
46231
86779
21050
88070
29857
6344
5013
72706
4375
56384
64068
59824
3589
2005
42372
88473
47379
43772
36335
76777
8367
50625
6179
72382
502
85592
98578
3729
96004
18818
9607
77731
45203
4434
76049
2703
42031
3698
19637
90617
54730
37530
28923
71320
82962
85530
49236
92628
73442
98942
18153
68500
56398
16866
39937
96579
5449
96106
11029
35331
79676
73915
27280
52262
3261
83758
40393
65791
42543
39284
55430
9
21155
26083
82476
34729
4123
955
23258
86928
68146
79301
50921
61681
72276
76498
95954
90148
46154
99019
1972
64161
98384
41814
98170
76233
88200
50318
44244
61491
35069
14587
16645
91413
57306
40277
19694
77387
32536
78213
54959
29692
15000
74680
17263
87432
19555
79644
97917
15106
44314
63074
48632
20980
63177
49099
46775
18139
95058
4157
1526
27784
60667
98535
18487
8516
64161
80776
22660
89204
786
5094
68916
69128
59348
78669
22970
9520
53795
76337
43498
75554
82227
39909
60543
91821
29810
99726
43239
30865
12575
67958
35480
53755
87853
91344
92041
23372
18409
12605
99180
59876
80480
64845
61544
81685
45588
67272
50653
7114
75687
52918
20688
19852
4733
37639
65484
62811
4548
81004
29048
16212
398
54315
75910
18428
93605
85853
73797
15649
44497
16286
17010
87416
24604
68610
49016
15703
94826
63433
62651
30526
26360
68273
3292
40072
74668
8482
60034
96756
63085
72253
39801
77089
16082
42802
3016
39943
18476
69956
34617
61740
5452
67422
7917
92471
50109
81318
65257
14843
69486
26308
80757
13952
21735
92546
31096
33666
49980
61663
78372
70885
37599
41780
63692
49974
985
52956
66827
41714
39914
25150
19297
34358
93580
425
32352
10160
78767
86730
6718
20763
67769
86468
39327
58056
52906
86549
39328
94290
54303
12126
98392
97154
48516
6186
60907
34503
6708
85063
90909
11089
58193
62082
64282
73172
79571
47450
16037
46889
59308
98043
22095
84654
72090
8510
96018
2980
88024
25261
65570
43758
24066
30522
87518
68753
38850
62114
48513
82023
91862
24616
27531
32769
37863
19871
86507
9569
48974
9265
12951
32026
37183
23111
37254
61712
50006
51588
48278
82863
47743
97044
78462
54258
30784
35035
8514
56672
72541
66373
65389
45004
48222
37046
99015
65688
11374
81455
22870
28754
77559
90868
12471
11044
69629
65950
78870
21054
91204
18252
23583
60044
34918
31068
98543
5779
22744
39066
76184
79446
89293
861
80769
58597
73986
67779
31766
71122
10947
92798
63921
38649
66543
77816
6091
43923
87481
6598
96145
33745
77822
1841
91711
49871
32000
89990
64423
29629
12171
74055
63425
77572
48553
75109
93523
31322
75680
80072
2019
44609
34124
75935
34262
1287
84433
89370
89066
83729
83394
77553
76437
98926
89853
81303
94763
96574
95184
28954
57413
59187
89202
33471
67283
57295
35639
29933
78845
88580
15524
5762
22339
92222
34752
25361
2806
46597
33603
20346
27662
49918
14505
7788
46563
56896
32308
67797
41662
39273
61754
94711
58090
91703
71288
97484
57145
1706
81832
31278
64912
25015
84370
81700
85987
68251
74180
50079
85912
7196
33149
3735
85337
20507
65697
7986
86613
31519
14523
69750
51941
24247
56652
72242
75754
31509
29007
60503
28113
45001
23122
2885
4270
52206
10767
22656
10796
8205
44737
85378
97403
45055
76601
61142
77947
37405
82771
53267
21765
55577
9557
27788
91829
17619
2812
93251
65483
78635
83223
55824
37929
5740
93877
91920
69107
50283
98738
49281
28774
99997
59068
36087
20503
17282
24395
35304
11441
35352
91304
15691
36255
24042
76486
41158
6413
84991
20015
3787
90295
3538
47363
36266
80315
78438
26898
3182
54978
63285
57733
91988
25261
3073
5645
64107
37408
29812
51133
59208
68575
8353
37253
99886
32497
54690
90453
13642
25870
25999
74350
80853
39432
22751
52374
54876
14153
22513
95510
41073
59889
5497
97278
26486
57153
78186
38906
88251
77167
74688
2744
67726
69106
17837
68850
87176
55521
32939
26990
69985
15115
18017
24494
79336
79556
50467
68250
13814
21389
6985
98084
78604
87022
67413
45756
83957
9823
38628
45000
79889
74310
91746
40273
95727
61743
22728
37920
47101
39981
98086
99053
68137
66572
47449
42928
35970
46654
51483
26137
35959
13994
77437
37101
85170
64479
94446
43637
71428
48161
80989
16303
21852
8919
14125
14967
43601
53909
38814
81602
15370
42328
66669
16863
48168
10422
89939
87280
57131
50201
57112
4401
28182
46600
85309
19536
41068
66890
96235
62328
71226
13470
56145
86249
18163
14329
12451
9952
97707
84365
35513
25451
21401
86665
52759
29123
14128
76764
54418
10398
43872
18393
90889
98235
57198
25753
77624
29911
50198
55982
38358
61687
789
53074
88507
35541
16499
34078
5477
45877
61061
19767
88912
92916
87945
25634
75474
14045
61758
99896
35573
5404
90288
89428
65054
15937
74698
49054
80269
67947
1723
67703
51187
44463
74541
5858
18471
35214
39343
40473
80186
91504
50584
36944
9311
68067
84534
54753
97768
29736
11833
6528
85030
36587
24989
46337
53575
92644
65864
74981
70308
58975
96340
61725
97308
42987
60370
55252
99220
866
22121
12900
6233
55936
63599
13734
17341
50602
63934
71603
57429
49660
81123
64101
79404
65899
10473
7585
24679
10780
77749
88490
89994
512
53276
66631
91201
18637
35446
80709
20953
27170
24028
97967
7658
91566
51282
77523
91407
40816
16430
35235
31186
71254
83418
96195
83756
54052
28846
90771
54223
78847
24080
90498
33080
56694
63838
39077
75115
96786
7765
11310
68636
9168
83961
40492
87851
68631
5362
998
7737
22546
15045
55762
9969
30395
74524
98036
99772
95816
82505
1362
62600
57752
50076
4510
35494
39030
34447
10642
72157
2961
58880
71950
19162
1910
79735
18150
40138
97129
89765
27839
42845
24726
67251
90119
34905
3718
88052
89692
84909
97437
5203
78967
7691
38978
63640
90969
39590
45908
57928
76884
55498
34902
60514
412
46676
31354
70079
78810
68865
27100
27907
38162
23117
11346
75019
26381
95326
46500
76967
20842
34090
65328
78413
58183
40227
75092
18071
27702
53342
74444
36383
58273
67486
73808
32185
98395
95622
81941
5573
20996
38975
45153
66910
33232
36670
84789
34491
18441
14337
9398
76642
93703
80759
50209
59478
49684
34416
27913
46180
81994
75254
39932
65419
66515
21427
15989
38728
672
98057
57799
68933
95447
373
4331
41904
56275
74391
27124
87599
28995
43227
2508
48582
53386
86387
54955
17834
80665
79723
30453
79343
41872
57035
41247
41862
94336
84452
2936
14749
6517
73787
92039
1611
17735
89685
12526
95790
90728
29980
59270
55041
99258
86045
61605
27103
78416
44430
88685
42804
49300
65456
1745
50948
57253
58411
44106
18992
49863
29854
32353
1257
19087
83552
78845
27593
51657
6844
21758
82496
66641
905
97132
98159
48685
38648
27173
5767
41099
34930
73495
62846
48755
92769
60502
8216
20959
86825
86695
75167
91397
53215
66224
27983
52651
43626
55011
12917
11451
64991
84126
59880
1656
93466
76483
41954
74506
33299
23448
78582
29189
90010
55771
30163
80879
58727
13695
24221
11366
79109
27416
99046
27602
43958
41714
68615
97215
38052
59564
90552
48593
53423
74178
9716
90125
64661
79353
84404
48007
5977
13310
64353
48947
15331
63394
45195
39944
22979
95344
43398
55850
80699
88180
681
23300
76903
25373
19232
84707
89769
14030
84277
69718
51047
6833
22897
9707
92706
1971
78812
23051
6221
15288
42945
67579
10420
8685
19292
25162
73342
51452
61283
83510
20740
35814
77504
90212
85607
31185
81960
69522
32461
55856
54482
17150
86702
37063
95800
14943
73936
5479
41581
31199
935
5162
94692
84624
35373
90975
81144
17679
6141
95259
34832
9264
49316
94801
11997
92702
18614
87245
15142
71092
96458
27869
44064
41237
69880
17238
15773
84374
40022
22934
32052
88739
26673
17645
80153
26637
64755
71092
13072
16709
79303
83437
96295
92355
46200
53751
53503
14148
33645
36504
17532
81499
43709
55298
5556
70582
40603
66541
60493
99329
88778
36589
53962
80681
23299
80497
68397
37917
51276
59261
78314
40052
22629
48562
41589
79612
5273
33032
94208
67941
50368
11063
65609
57853
65041
27396
2805
76968
64819
85330
18113
16962
87443
60176
35715
26988
33836
67755
76968
2307
21542
58463
11811
84338
61043
26520
10812
14660
1631
67595
50242
65856
27287
47487
68990
52263
47016
98088
63430
42374
61591
90975
8688
2257
95754
67378
3423
25241
7602
55512
34653
68119
86786
41284
23375
38057
21154
12177
41036
58372
96586
77280
74082
73770
28611
32718
45423
74765
40935
27050
66822
15223
81637
4517
27113
16224
4783
21451
55667
74447
59724
69669
31591
14940
45422
16682
834
91001
98460
30224
38798
6539
52911
26491
71308
19956
69317
1737
30956
88069
40908
87537
26489
38614
60905
20755
93593
1833
57557
2026
8576
30397
38824
29491
1147
55674
98398
62539
70865
35303
50831
99371
58924
49288
23644
59458
6941
25209
84766
89745
74520
96462
47363
40752
44270
38454
30280
29199
82368
52290
8708
74539
51064
67771
21227
71810
18800
18314
65464
56968
19055
3718
86640
78630
64770
61453
21977
52178
9381
1792
65297
19140
42592
76415
78373
49571
72655
9471
69717
37515
7354
3990
14109
89102
89420
82672
82070
45601
42977
41320
87752
5271
36893
57877
6307
50842
68444
18494
65747
49499
44860
38962
88217
88760
44616
90386
76647
34925
13273
33747
87878
12502
37131
6346
11811
27237
64170
57625
97972
16559
93424
51344
40066
5763
59439
49420
46113
5337
64928
59656
14436
67477
29302
53629
14098
22413
83892
84807
67982
84753
54490
91395
39277
87708
19904
80120
76854
70426
89395
86193
68357
80296
34603
90078
66080
31708
87197
3
40863
79422
64855
92610
36781
86110
4374
18999
6372
352
30536
64808
64526
7093
7759
7280
74484
45469
74649
96597
24808
54759
620
83681
19515
79388
14015
12468
16219
14129
1308
2390
90480
10237
99488
21117
48000
19102
30540
29656
58399
75723
25486
1297
52557
93539
26375
41781
52813
48019
16208
78193
80970
56337
35998
80774
32038
49915
83005
16210
60539
46940
70296
3767
21672
16074
28873
59571
69562
6917
94340
58426
68343
83743
88642
44931
68207
86396
44653
18526
3316
28093
63404
20130
49745
16736
7423
31223
17618
12545
93837
81183
33498
50055
3439
34394
31752
740
52497
62822
24288
15492
91229
79583
48618
7357
17293
36803
26461
99747
29078
41315
81263
33902
39903
99945
28602
34360
65852
14179
47461
7549
38238
39035
11963
95527
95375
88485
17923
49312
13016
38596
53676
42158
37360
17670
93252
42979
39745
95818
58006
89865
68028
96377
84540
75459
21647
18714
78762
79629
93631
95643
69906
99672
62951
20393
66990
85890
25837
69589
53508
23724
67247
78457
57200
26825
67429
32394
31408
53864
9910
41263
20960
53030
22461
9564
53839
547
51727
32452
38457
11241
41739
89087
69817
28835
36667
23344
8060
82056
55179
93007
37195
92338
72218
47927
92667
69328
50715
63307
16963
40428
87523
12976
75298
2512
69128
8803
93761
86101
13467
56642
68016
40305
71323
38818
96527
69664
25998
76456
93282
87026
53272
67286
72788
66957
44157
55938
55001
42879
71222
25088
287
98314
67643
50915
3427
26801
61647
77700
19501
53710
63384
36637
7451
83123
87698
25755
40647
12545
36308
99968
74461
50454
52870
35254
65380
84576
30263
96953
66545
77614
46728
48652
71998
35035
16458
4315
42691
50101
70692
59814
85394
52727
3157
89798
41937
75844
89113
262
55361
2441
84298
41109
94998
84965
2960
8119
76897
52891
36689
18611
51513
6175
3709
7392
96446
55891
29048
4963
8083
79441
11952
37137
98200
46751
90768
82632
61714
17078
97982
91554
14311
12549
27228
89360
14879
673
17897
13703
6812
96197
69991
35875
47607
78279
32621
892
96871
47833
598
221
72453
40232
11811
27088
51263
54402
74384
19635
64930
97956
83438
88616
74452
85395
34060
28640
1137
90264
87983
9615
21227
32345
28122
2067
84785
80603
4938
99582
72255
47903
17703
11212
31442
82121
10726
35762
35137
26201
977
68097
28015
27919
12907
20526
53864
70472
92115
57584
55019
32074
86955
83199
74335
81954
41676
23317
52312
43246
54342
13967
78704
9666
13360
15302
37701
3635
43962
49842
50769
88705
31163
24593
90583
82795
66774
4240
17294
65488
35428
1905
61550
49282
40194
94680
3781
81733
70911
75355
5729
49679
78076
28147
35462
85638
25076
90552
82073
91252
4755
32300
78571
97912
87988
35196
65720
65726
4608
69038
66353
75485
29156
22020
12469
30348
33691
10311
97769
39980
67086
12370
56905
57645
31158
12115
4944
4668
97036
22189
78042
93833
35110
22630
96963
94915
19567
58485
24779
8448
50602
72571
88746
37175
29823
37793
79138
18284
231
57252
75262
9711
21487
47146
84624
81998
54806
16805
98647
25428
35918
77
33651
30933
93202
74355
61006
596
11144
15705
36627
86681
30433
46323
91567
59393
18411
53635
22561
83326
97894
55620
35634
23311
74539
64465
24661
72770
29802
58767
8424
7878
67823
17942
69443
17653
27253
6078
31948
87149
76232
31631
54556
16819
9366
27943
56563
22008
76692
67401
93695
36388
89790
86108
85705
10245
50564
17240
21055
24403
92884
50478
3917
46217
41772
73523
58938
85671
26856
83126
25191
51336
66870
69122
75956
37776
19647
36356
6330
59116
99284
28967
70278
71972
8917
62237
79748
74475
40567
42772
49189
11471
86184
62451
71568
44103
94241
12173
62501
67527
87447
49802
6473
69902
26275
58587
38935
26352
57911
94766
2662
915
22597
47694
78485
69335
12570
48073
93751
422
61137
46053
70664
36869
91483
56625
61626
31922
6258
53629
35593
84410
90891
65753
51465
97865
28362
49652
16667
45831
30502
2774
74032
56612
47536
71634
2490
29102
47074
43795
54262
17302
71462
58290
99585
67273
46364
83790
56601
88452
95829
98907
49647
85000
32834
97628
24546
15272
66384
65312
9947
17597
49129
56552
27781
49130
91268
19925
97672
37552
97569
82645
37874
65375
40446
53378
83537
27105
81055
68953
85630
94725
97490
39615
55320
68499
65812
98867
74992
57321
59121
66864
16975
79613
42552
23042
84370
79874
70996
265
50023
66074
45779
47212
79123
80403
14978
77629
22149
42669
48399
64307
91021
71738
37981
799
11171
66026
63112
76732
91004
17660
55238
35053
8688
36958
90574
82347
67447
20373
99849
44238
34688
23283
22932
49903
9514
5468
77627
60757
93891
52768
71906
30594
31148
67940
27566
77056
86978
28333
9318
97787
59410
52330
90247
72830
68753
71561
46049
64206
76446
35065
58969
51654
20507
24564
68064
26987
27692
47240
4265
52630
83697
39239
63818
49026
85436
11852
54040
41747
17700
87305
60736
18496
13355
12524
35503
52336
26059
68755
48323
50712
65545
68939
63092
35866
62095
34051
99258
6136
58109
35005
36213
79260
5275
71506
79833
59320
7286
51180
38940
82281
86472
52747
57441
32842
55544
49224
27002
99672
11602
64333
14855
49682
32219
45755
82923
28434
90926
66431
64240
55645
8792
38383
47785
16969
53734
52805
61363
52243
29682
9041
57003
68416
48119
86691
65856
73509
38869
47323
52654
17402
35294
87185
68269
94549
97304
81092
7913
54530
94498
17754
4315
99667
34811
26761
1352
62728
12119
8975
75074
4988
60750
52374
88102
39789
49036
48092
5754
7546
52819
38743
35424
87754
34892
76690
20158
96582
44316
23924
22562
10824
67047
12566
48154
81421
97729
55869
45578
82123
53733
61051
40675
36643
2760
25024
11731
42629
27320
48056
21205
3204
23817
22091
19876
95035
59864
22127
20718
29679
44097
96601
20177
49045
34363
15489
53955
35774
72378
2966
56816
88438
14160
11285
80401
62159
8980
63349
47141
48246
21818
69884
95379
42420
97724
11456
572
2656
8806
85984
11739
10353
12944
55411
22067
3505
47431
23605
63335
57331
84069
15176
5168
46256
84618
34044
89968
67401
74085
74113
96900
99465
51154
6173
80320
50870
54049
91614
52101
37241
7169
67164
37267
12438
58213
35347
37898
5864
28698
61828
81247
84959
55684
30751
59313
69435
98653
28545
98431
69659
42724
92465
93333
58818
59921
57667
33210
16821
41799
65446
16193
15320
35869
73988
76716
15900
32439
74100
69841
2273
39352
38565
75452
39647
81177
90459
44617
5594
95830
97416
90771
60209
45810
30073
97246
5047
20217
97921
20216
99510
23185
48168
14363
89643
24906
78883
49513
71510
63856
59692
3596
43635
63393
11985
17064
46097
4107
27986
26725
74667
68291
78296
5408
92099
41130
86724
73597
41595
43922
48668
88546
32778
92378
83953
19896
50605
38433
14673
66503
39472
781
73774
39011
83495
43922
79830
10571
63816
62490
74613
77491
38185
17350
95141
8502
86743
6142
64008
43832
62600
39862
99502
50619
59345
94111
73637
32336
73849
10577
49365
94047
45530
16344
97544
99545
99812
7535
13409
78164
6969
83634
60791
92627
99888
42184
30056
49060
95888
81913
56062
14386
22276
42880
7282
15620
5331
20024
52925
68883
3648
62831
89282
20207
43791
54519
36487
15155
55161
1236
83411
12300
18956
27141
42851
70842
51551
93382
27630
66246
66218
46021
45385
76052
12914
79173
77846
13422
72108
95366
90061
37173
2622
19467
71456
46653
98862
22778
31711
52489
77109
75703
77771
36817
35191
37823
4301
46307
54682
25940
67449
77171
16742
48071
34122
42303
56085
52291
32268
91401
1795
51093
92440
89904
4338
88974
8575
68668
53148
52464
4807
73463
16580
51808
46937
78456
82933
89819
45355
11957
56805
41129
81545
61541
31979
55702
70340
43458
59790
65076
50010
67101
19012
68546
35421
50480
49570
11844
58482
4531
90321
29521
11868
74931
71447
85620
83767
51241
40962
43323
12223
89421
54282
98436
45851
24812
3444
72917
88744
64117
461
77469
36905
96508
45721
77519
66515
20207
10884
53572
28031
64493
49486
57387
33603
77438
63955
93701
53086
45951
1113
93593
91216
74289
46633
42095
95031
89377
16251
30089
30229
86370
73247
75164
19949
19777
14419
25293
8072
89215
77425
92137
97458
19392
77962
33245
17718
10486
38661
25582
9259
45523
77268
95470
96730
58552
6752
94050
23629
69409
48916
94155
42997
35923
81664
53198
57484
19232
58431
31245
3355
50249
47518
72619
38961
26384
98165
6010
30679
88997
9797
7451
66131
45373
56165
72681
88365
14444
32314
63348
96965
46969
61234
90753
40308
10512
44732
12761
70536
16560
80120
18411
62886
34002
99837
42949
85551
32721
22209
85322
70865
50823
8357
85551
26903
64284
68023
76569
69234
94006
54416
42786
86019
35186
88978
78355
42635
8798
68731
68657
25185
8919
96132
50171
99101
27722
56130
89487
66109
26977
69145
62287
61206
97897
88083
63082
40022
14216
79315
93860
91393
36822
82962
12953
9072
96408
1692
85162
71645
62031
399
68078
25796
35218
60260
67388
58784
25820
24494
65471
49132
33243
9854
30081
41095
9551
91482
69170
61635
52238
42708
17080
98785
27988
92124
54548
58801
46267
39340
83413
5884
95717
34443
36648
40837
93928
33729
1789
74778
53702
30498
5863
98609
13366
96138
99966
18722
22783
31882
32841
44438
72629
96754
21423
54498
33056
65187
1882
3747
32352
3274
50438
75004
89652
32167
26348
32397
73898
44945
27806
91300
62731
84267
63397
50598
29678
30148
10130
84638
36772
58031
57203
8758
5623
58665
56458
35774
23072
74576
56439
30907
81390
81783
39819
84493
58996
84349
26586
49653
81378
82368
78863
96189
66012
57737
62741
55425
77840
15343
43365
41210
53998
51282
83158
47580
36394
32338
70297
40971
74278
2442
18331
97711
29592
48611
7599
3746
8646
47232
38899
67497
7334
83441
73059
53727
84033
61560
87821
8751
54628
31113
89834
533
25735
43557
56660
68721
2559
20529
18382
99591
81129
74774
12000
12620
5958
9894
3007
11874
58160
32063
69437
49376
96932
78509
33338
12430
61870
96471
40320
25403
19228
80733
31518
20753
92421
94430
48183
86139
6881
37636
24899
23763
1235
97891
44466
686
41825
4691
69617
75717
43931
62546
3399
69262
50884
38652
33047
11409
35962
14063
50984
96567
16401
13790
2295
41096
16422
51756
79289
68731
45870
81527
32527
52137
32545
55649
8761
14514
46344
84047
16759
73901
65536
83329
74313
52075
17550
90940
29816
22179
24277
35484
16615
64154
93470
47521
2732
61660
99761
79634
55257
49892
96658
92680
35126
35029
8677
44510
11634
87146
83346
1942
37331
6101
87875
59340
10393
6999
81973
42057
31262
83892
17883
37356
29545
57099
81900
83506
29603
11269
61225
69502
25658
46708
35925
11072
59627
12821
26906
72826
43516
18391
60999
7799
32410
1401
44799
52875
42625
21985
3101
14647
41372
34314
56929
24252
5618
40795
4438
5378
80985
90657
49446
49014
54420
11603
12749
3538
27727
40899
20562
33559
97255
20257
99471
40096
32304
69618
56452
68799
21687
90598
78820
88562
28552
32407
5605
84205
82120
41509
40552
51898
32562
23137
89766
41476
53515
24545
68230
92657
17914
8351
32152
52229
87885
21440
34814
481
60111
40535
62865
29050
96286
97308
14049
84856
28674
45186
63393
49692
86794
80917
60136
81177
55205
58701
81410
76298
98759
95883
59341
68276
82093
11385
35701
8895
79742
70016
72519
59747
10530
56894
26878
75338
52017
34016
29279
14272
39719
32365
35265
79580
49472
83515
43348
87640
23294
73853
13131
22043
9670
16682
62734
20179
92000
55215
30651
83363
60902
83024
38489
38818
66268
13439
49278
57840
27920
49565
29511
52104
7603
69791
81407
88509
88648
14281
84831
57657
17588
49451
87496
40832
20094
34448
10423
6200
77683
56601
55215
36928
58422
91519
82627
65958
74317
82025
67456
54973
59230
18824
78919
95662
73895
80743
29017
14788
16845
45183
85195
27177
25235
7901
19832
34995
19534
75665
66756
64490
20589
24808
65501
21302
71600
80361
82313
30740
17841
68406
28226
70354
71669
48283
57373
88903
72175
14542
70685
590
73596
20226
10573
95263
88772
48456
14601
57679
32476
78172
65504
80192
60841
50304
93779
2770
45222
31509
72561
95897
33629
96383
77722
95614
53156
91070
42900
30934
82151
53864
18088
52693
70604
64563
98720
72577
68475
99650
2880
91208
8945
80924
97795
73800
93802
1558
37458
81056
61464
85240
6671
56965
93531
62112
98960
73445
13058
36033
4460
74610
24972
1503
67201
64740
7354
23831
75463
83693
86910
32884
34854
53122
36753
17558
27929
21216
85125
82913
14214
19785
98989
90562
13889
99096
98598
24921
6439
24007
34044
10426
17241
58576
17549
81708
69777
83518
95425
20140
67388
15029
51094
27313
48716
70467
63533
46647
37415
20335
77007
62041
43073
37683
5849
53545
10937
49271
37554
19973
94118
13486
48842
68383
76300
42440
97167
64605
12290
18379
95463
49048
80007
59686
45496
35592
68513
99923
40129
25643
52648
66929
81684
18927
44030
72938
8844
97440
35189
93178
4372
48326
48134
78200
41998
15661
9430
76692
7866
41548
86343
14494
52485
49390
6637
20364
32319
25284
41648
62648
43339
95139
11604
21729
63597
33468
67350
19162
9936
30969
94415
74069
87428
40783
92755
85352
30985
49029
64663
5842
51132
48970
11536
74556
58637
16436
13473
76175
37657
62758
97141
70457
3819
92553
73665
23517
55089
77097
65516
24207
56970
17085
14906
65316
59793
56282
38915
54144
14640
18234
87952
27176
56268
36030
52077
80658
20706
81419
52951
11446
99714
37781
45716
94505
18590
76367
47211
61718
10357
54803
95907
63184
1247
26903
58594
21810
42911
97498
10789
11381
18371
89359
87319
49960
55337
30631
45040
93035
46934
50660
64876
14184
21016
85511
44432
3524
65555
18629
8367
3083
96946
64975
87114
47941
20240
81206
32086
12554
49784
59153
97089
97635
48567
19994
661
89863
98737
66162
95226
76411
65032
42740
32403
81937
68758
57965
25564
76910
20848
80802
94184
20472
97250
19580
61667
50051
25883
82504
62403
58811
92099
53401
64594
81159
6844
1828
72718
27756
40154
86865
68886
12739
95550
49228
32859
33611
74987
30363
4722
99073
73369
77503
32177
76163
8710
51751
3820
74623
11968
4021
98399
18056
97425
89347
67479
87
5163
50083
17115
84006
805
75503
78090
27489
91710
80182
66547
719
37327
24007
54404
74590
1865
46223
91601
60278
55054
35186
92303
93165
73435
34661
58708
48824
23809
57323
59074
99393
12924
478
70108
10045
21227
68968
28822
85797
20159
62264
31833
4706
23086
58534
85248
67168
17078
18804
23014
98260
77406
97725
44406
54574
20635
74819
18198
63000
53256
65229
56261
19827
6081
69326
58779
82839
80372
86253
20514
5173
49766
98842
81509
4439
64216
14533
91506
18687
32131
81830
63559
5352
85071
2174
80064
13152
50977
18298
24252
66883
40744
66735
47451
66412
11238
66688
45162
94707
82246
84851
74509
43448
36525
87214
13532
27774
55990
1839
19294
51107
536
42306
96717
53689
15597
40475
77386
37116
6109
56837
14112
65652
11923
11621
64619
45064
88471
49180
90781
86647
63383
7166
92665
99261
38969
65687
54699
38210
60118
52097
33232
65699
78333
30633
69332
53301
34918
76726
80251
14418
42615
92814
7154
21375
75372
77456
26706
21881
14440
75879
23888
13125
96504
92327
64517
84571
15873
96165
98058
66123
46134
43162
712
21365
93103
13979
47516
2660
53947
39964
65638
3905
12424
1249
3900
64841
74133
78791
34722
98237
11783
59521
96377
21309
18933
31894
79941
30424
11355
1422
32483
1863
11023
64642
71705
70124
8121
77880
24718
49654
22401
82256
99843
80634
49979
7015
24495
23357
84743
61732
17007
60270
17274
77095
56174
24161
72675
88852
39338
19893
84863
85216
32479
8293
15222
84379
57745
6491
40726
55003
57928
63600
58228
53669
92894
57651
16610
50957
6238
67596
48899
35008
35302
38598
50417
91009
25411
2066
94027
44279
30644
28447
23380
46379
10785
4725
52383
2923
46934
38307
1274
53208
51567
44712
36287
17516
44274
42960
30825
58186
19649
81362
78467
76929
50387
71702
46627
76631
83007
80270
29172
65988
45244
39260
71770
44785
97274
76981
21873
51394
31027
65602
43686
47074
5839
11236
10541
51281
74263
65256
67993
993
61279
41771
43051
90263
92152
1089
28274
13706
53135
13314
77101
17478
83609
26893
30718
87298
39550
86360
69067
30605
52958
13885
61483
95568
1148
8185
77358
21513
79307
78582
44266
49958
81865
67254
9529
87720
18289
21422
45020
14763
93606
72018
89283
10191
39845
59637
77385
37565
45193
39975
14020
19605
24783
75247
34074
69796
88801
52253
24167
90725
14148
52246
98445
48528
93922
58143
42809
45043
9896
42925
88212
86132
20775
41817
64122
10909
32875
77016
71921
99021
40329
25831
33217
61925
13629
22433
62814
24249
36591
91408
31481
19061
65886
83845
23899
15344
60795
6642
80289
10680
3255
72126
43666
88912
50305
61966
62969
53250
5020
57069
12562
34893
86912
94499
76076
19160
2204
63854
58295
90199
70207
30762
55796
13823
93158
72408
75682
52901
55013
78820
72640
68416
70815
29816
54276
75810
27839
80182
46689
83191
31010
66349
60017
38352
57954
23559
62503
46378
27147
42825
96727
9034
28485
8935
96283
14427
61614
77383
1266
13814
61918
83324
70707
47329
85127
90929
78456
48782
8646
30016
78578
80168
36563
22742
2700
64939
37414
92453
8739
17310
6812
81208
25568
8161
86215
34735
67843
96190
53318
25539
9214
90459
34092
35435
39324
72764
36842
34995
87616
55349
31830
7231
74479
63500
57799
54230
95733
99198
28363
24728
41834
95600
55481
41149
6985
63530
64652
21446
3859
60488
83533
90898
99616
22280
34911
2725
81439
96381
48363
13057
77636
84341
44701
35564
91514
21567
83542
43054
99416
17899
30166
92759
41039
13676
32668
46806
54791
46856
9308
40705
45210
58870
71974
84985
48840
90462
95531
13277
84464
30125
56662
94458
78054
53110
5117
93178
81705
60523
66695
98630
11159
55180
84292
79392
670
73232
53453
34623
42405
51600
15591
48688
73723
47987
90302
15107
94229
33129
14976
15268
1455
11371
61750
14667
65920
73093
91159
76914
5107
3496
37476
4888
61107
20916
96003
3842
22297
38276
89340
57365
45084
32075
1100
40546
41851
86984
48421
202
28727
80916
54827
27078
23524
29669
67277
35243
69636
45973
95305
38370
85992
38150
7617
90768
74896
78585
74390
48838
18702
82842
26891
99514
93080
44664
34040
99490
77773
76179
53756
59980
79772
30515
8455
56556
38806
77955
60888
66417
7158
21842
42053
15462
31447
15139
7890
3703
77098
93616
54188
68123
71195
11868
98523
71457
12060
87474
47192
4692
62601
62470
73231
19925
86822
93410
11874
81898
60641
9034
73577
81196
82727
49998
79012
46144
11765
33591
88716
15382
40146
2358
31870
86465
79834
26322
39184
68311
30486
94772
28935
2950
74015
43449
27918
82572
78098
5226
90874
35699
73867
64359
89498
90224
1226
17756
36569
63016
56874
46875
27272
26148
22944
61184
41932
26107
18935
97859
96619
60647
5078
79112
87617
49155
73063
63978
36286
71453
91222
96927
39874
7421
71968
60518
7204
62941
76131
17536
24511
56635
24963
67886
69739
23560
92475
2241
41113
16597
2313
54157
30977
21573
8683
12031
18929
66872
40321
35494
83285
75202
6204
22109
32176
38836
93445
86198
89512
20790
38534
40283
48959
41618
15307
8525
79409
24402
57179
44439
93767
34545
84681
97992
71196
10510
28580
44974
18330
6343
16956
94277
3531
91926
86063
28511
54316
89754
93825
51194
58599
91346
74719
16365
32066
54493
3636
51356
29412
74092
93342
92153
58938
51186
12807
70810
45550
86732
55499
76263
96762
44983
29459
54834
45480
40667
78329
20754
59791
1922
84381
49432
196
51775
7904
38259
2422
10243
34476
31224
70356
29614
93927
47138
26758
29346
20492
73915
68820
71212
8585
7740
41047
86902
47118
83729
78215
50790
33940
29097
99550
49141
81063
18413
14902
39193
97126
21342
14816
42799
16986
85792
97638
27548
37195
84778
86842
75027
54745
91473
22563
769
64879
70007
99280
25599
5557
70360
16018
88269
81358
40348
56450
6593
9615
40145
86142
16547
85383
70027
75153
98435
3043
76024
44374
31210
62575
52824
65917
15122
49197
93692
57769
47829
76506
69277
45251
36287
78336
77779
86709
84452
42997
9790
98806
53217
79467
38104
46687
71726
49355
38063
53795
82966
54972
26043
30881
13521
76010
7577
41452
23558
30822
71921
76032
77972
77177
92222
97140
83075
24062
88518
55784
16796
64077
53061
41210
29443
71798
5700
47852
59536
7611
18361
2773
76498
35467
31028
22296
27350
12482
74134
81585
30022
89213
21828
35720
6205
62848
98413
10431
2961
83462
61260
86972
10044
1104
10459
66567
70659
66722
4340
42636
11846
96169
41337
50943
79300
4962
32535
81901
30400
47114
88545
58561
47188
35606
7369
18727
61795
23235
98245
75193
3390
10543
79661
39936
45923
42578
59698
47978
77166
4320
60027
62765
62911
76684
75034
39563
37829
55472
78597
10086
84955
41079
13721
12386
81166
45172
78667
64806
4562
52866
9556
90165
60552
37750
53577
2780
93696
81650
70235
87785
25214
82721
10803
86570
65002
36502
71543
45343
26817
15739
65729
93113
49267
91321
24647
74454
75822
60389
27410
48624
32256
43377
72364
6086
18270
22219
51030
74628
87697
93831
61471
14283
32630
41840
10152
34578
91632
9629
73801
1814
59987
90893
19791
64085
14040
16894
7700
30772
26518
39051
86962
28813
63219
2711
30417
2080
57469
66257
37494
47020
75132
20475
24479
71701
81309
38359
90715
68576
42408
91417
34576
7902
1017
4101
46883
2306
73715
52377
39469
63524
61266
93173
49866
25419
24159
21877
95627
64126
24674
48616
53292
32809
77943
9969
85773
89354
97337
58556
64379
60376
68027
11055
90379
48486
18604
24278
33321
68392
389
71662
96545
43602
45847
90822
79011
2653
95507
10568
81420
65749
60487
86388
72995
20581
3481
95327
88864
53768
186
35763
33114
76476
65963
98984
86461
2000
70956
68992
20180
97347
80436
97031
14812
41523
63116
49926
55554
65767
46209
51742
8234
91176
19510
62194
58318
11375
37527
69712
79229
27427
85529
21517
15634
40648
62344
39246
75924
4359
584
33290
52900
98647
48150
76437
57652
28510
38165
15204
12652
34876
9487
76918
73076
35702
94429
17778
39540
20362
44434
21411
22850
46279
19658
47505
34541
1359
18410
41379
1592
46962
31251
24288
41715
32293
71563
90039
68048
13757
21765
8461
50375
92781
83782
19131
24159
79460
82986
24604
33289
91813
41161
55488
38211
73862
72997
36908
47019
10897
99933
88009
75886
74592
32000
34948
74587
24459
37714
64548
84854
43672
39004
62602
46831
19016
30691
83324
40132
12127
67909
49314
39782
22661
34180
98663
43048
66497
77302
48436
65225
42908
59517
25290
15352
82193
51405
47716
50217
68718
83316
15217
96610
63857
93661
46164
40905
2052
45990
43991
91818
24530
68165
7519
78000
94063
65199
99471
11648
970
31412
343
10245
13719
84036
42865
46248
65110
15904
14921
50947
25220
46059
14088
46022
93021
59824
86862
31474
10582
43031
14855
30111
2352
75240
79800
83522
24111
12937
70078
66409
13735
55798
90064
84182
17847
90748
62983
30318
2252
31538
65344
65493
52897
79631
81141
51176
59490
77042
18887
35293
1208
57478
20286
83140
10679
22926
41013
92970
21370
52714
9734
27673
23221
77865
3636
24252
80149
67506
88555
81053
15876
25969
48635
2162
56542
97261
15750
85749
49119
43107
56005
4609
71619
78109
22003
16634
57807
83220
98502
60477
44887
68268
73577
59266
42876
42892
27073
13617
97087
45358
51536
55768
44416
70477
35463
88612
17327
66133
75024
56662
69030
25704
20353
6810
4318
46819
53984
78786
82562
82652
8898
79697
27654
25944
5762
40204
33613
90526
80977
88495
50778
82755
74534
69225
80241
7135
75874
68043
14228
32875
45470
27520
68151
17704
17853
66466
72295
20344
41273
72519
6820
66538
86698
2483
57738
38026
80108
86504
48216
14785
94413
47851
25421
56521
6713
89158
73233
60934
7082
43951
75865
72026
3792
57003
19572
28743
92017
9110
17503
98164
12202
71700
60322
32582
51651
91427
64568
25783
49072
80840
70693
42640
9282
15212
29954
25013
70124
12038
20401
85379
63311
41759
51095
23843
60528
21372
80997
4095
91725
82611
89186
97420
26317
74183
5910
50459
42743
57691
95312
46830
99779
46516
21566
64253
55791
44181
55137
50281
53186
21253
77651
48510
88958
96642
42669
56786
98229
73916
70006
77031
5392
35181
86432
70432
83592
34300
83923
74032
59359
44427
39185
21883
44228
91479
30082
35737
98695
63362
81092
6216
9399
72736
89807
74708
35520
24605
36068
5588
36335
37218
9012
62853
49543
18954
2227
8377
99419
20852
51434
22389
27856
22027
57994
3522
96385
43268
33437
67729
42281
1671
80882
13068
49339
80256
67704
49744
65571
52540
45132
98459
94171
9566
43794
288
99107
43432
80082
90037
19714
94025
22701
47838
31268
90440
25136
25222
36989
38075
75877
66639
24453
54965
46687
76518
24093
65136
91443
75701
25168
3089
77580
59019
88829
25808
90582
29695
56125
45441
73374
1955
57863
42578
430
19177
78251
18258
65187
73726
10571
77721
60967
296
46368
10705
84116
32938
19327
22287
41369
677
11722
30999
58903
19512
11345
11190
31247
57359
29586
79998
58629
44860
81665
88386
19037
65803
63789
7197
41195
93316
56541
2997
8232
38739
43474
9113
8442
48860
71901
11968
16929
84856
44842
12647
90365
25541
56141
96153
26598
28965
34784
98605
91476
3265
21619
90322
38648
90029
29279
20495
32591
64289
658
64835
86622
63864
75336
39442
64187
90536
13819
36238
54370
26584
98533
586
64869
2234
9965
46168
33802
7688
26155
19738
22366
46138
59086
10569
38529
50085
17117
7734
34617
76756
45499
15011
56522
87358
67364
88664
71736
79638
95813
47827
19938
31423
13115
48461
12178
8011
35987
54993
10122
26015
42979
67051
25363
93427
96690
25509
36051
70229
10111
52587
61658
49930
46289
4457
79397
50003
40530
6824
30178
4274
60975
60810
9787
30633
75199
35494
19004
39747
51677
52278
92024
38285
85066
27369
93141
57120
12220
96015
97090
31853
45510
89027
99920
16753
36010
76064
25096
8173
79529
25653
10376
89061
2121
13223
88669
21200
28218
58552
41813
6303
95045
17335
45291
97595
84840
28239
88402
15117
92391
61743
87523
48571
4495
77845
54899
89961
92316
45109
30661
43853
47222
18891
75076
59547
87554
45601
86898
54634
8255
18899
65618
5039
21563
14585
95117
30070
75244
79774
9380
17560
29570
59072
34598
37062
89548
99209
46024
46539
29224
28275
74991
49184
9205
93715
94893
76545
17771
55454
38315
14369
69480
34936
3344
60854
22358
97085
7214
40694
42085
81278
23695
74896
83002
33431
18397
98761
54957
14067
93752
91100
45231
60248
19081
23409
37868
30713
86133
79702
20699
51101
30348
21051
81312
7300
30654
46522
72325
26441
6495
26688
86860
72031
21280
43492
7468
91410
9210
91533
91083
97918
78702
75898
72403
24493
77133
39336
84396
78780
92993
55498
65244
97550
27492
55375
89181
36607
20030
70769
45774
19252
59897
51971
37524
68934
92939
43531
31475
68514
17877
54422
41456
45153
92236
35549
67811
95047
372
5005
25863
52630
38158
16268
20140
24624
86134
85989
74789
50719
44704
10672
29779
48257
64229
16858
44612
22646
65773
25472
10692
68564
35879
35860
71071
50303
87047
60952
7198
97898
85316
99592
30392
12827
42668
89067
62350
58482
14342
56092
98913
79744
84593
68752
58252
65299
21619
51446
55461
52199
77646
60165
52853
17766
23797
637
85912
26209
92175
64205
86935
65407
9525
62367
85935
93987
67505
57303
44603
2427
63102
953
40627
22237
96334
74699
66220
71479
25877
58634
11784
60976
15787
91377
52322
25746
95907
87010
78075
1867
59776
34847
77068
55026
61660
50553
86712
34567
16472
88400
47288
92837
46203
79292
67753
82602
63122
13825
81944
5616
30553
43037
67894
1155
83680
12667
11121
89878
30713
12800
80027
35639
14339
95465
22844
86362
41812
96332
2823
40598
47472
18195
55218
68970
88137
90097
66895
20036
60198
54106
45499
66634
20841
88681
59671
58898
4083
7142
86285
94746
8697
39777
94538
8945
61540
6886
56640
89286
63537
9968
38965
49400
42725
20560
32556
97418
38292
14408
82952
93664
270
2171
68706
57469
41366
69318
83658
88301
5071
61383
24401
16940
94665
29256
82648
85268
66621
26144
11550
70652
10452
70297
71799
45366
49382
93025
85550
94247
29044
4094
84502
74459
91130
67415
72580
69662
56819
51344
21296
69829
70119
71047
10567
89123
11305
87477
8848
77986
9210
71722
57512
15209
7457
61310
62245
62612
26244
71888
51025
31772
62051
78538
65417
29679
29268
40053
56001
9141
15109
67640
16464
93103
56567
48539
64643
93948
24504
62800
97921
98285
31397
8302
80792
11724
38528
60795
29900
55344
84386
86320
5996
85221
31231
31626
95467
56606
59261
79298
11742
72733
70409
35071
39681
1754
63072
22210
50918
68232
47163
94299
90614
16971
814
56159
38652
44462
79529
34868
37297
74252
55566
26928
55106
46028
44370
3997
71787
27290
43818
27408
84959
46361
57297
99056
41553
5405
4737
2223
43793
17961
54117
77176
55298
92018
37587
65272
2983
56790
19815
56112
53862
7440
11647
81116
45018
63061
43919
10735
53145
50615
39577
55685
23184
6150
68239
7220
5888
56518
16415
35971
15173
32103
98571
58994
56752
93261
83225
72944
89453
21664
34621
2818
68763
68816
7249
66119
45380
18869
37327
90466
49999
59216
36578
22020
14474
46483
45479
61693
37674
59492
12880
13068
55953
36800
4012
3815
43873
2870
444
1850
43459
74551
80133
33332
1721
74351
49325
1382
85505
22086
9071
93637
8589
98249
78626
86752
75654
21611
10249
34784
73783
11315
89030
18233
36642
75183
46478
85448
18356
74043
4959
26423
56569
35274
12439
78333
26846
99907
53310
88494
6404
2390
60405
2436
29649
33032
66439
58935
63994
23618
27125
70647
5240
87015
82707
3774
93868
78464
56078
61527
72373
1839
70892
85569
49267
97132
42565
98385
49586
71863
12053
29058
89895
15491
87305
96700
42525
89538
7241
9832
63119
30559
10755
98551
96259
26260
72958
32110
10296
96886
9903
59155
73903
54819
79314
56891
35651
72274
76282
82038
66050
66985
11563
18197
92342
90625
57629
29629
93147
51884
6891
46919
33991
83223
34528
4365
68516
55991
85538
30710
17966
12158
83846
69863
68200
49318
72233
55762
69751
50523
47165
43
55578
84851
13799
14279
55754
52070
93936
38103
72461
72442
55898
9741
60611
67775
95433
17201
89147
62628
11056
81126
17140
85148
48320
31016
55813
24531
91086
31212
79882
53455
43091
40482
83829
1786
57319
79275
95472
61926
64247
81555
90182
5483
58902
66496
69899
9515
47410
402
7886
85663
7018
52499
52934
46586
72760
66372
85958
37766
20132
55475
99259
48946
90659
27406
69872
53969
9354
89276
86119
92725
67790
45595
83504
36627
46383
20805
6171
4721
28388
96532
32756
618
70753
64741
33850
39626
7586
4118
85868
88216
3832
76956
50233
95169
61176
83595
5693
48682
9366
58625
39407
23947
58312
9939
4939
85985
78585
2482
33009
75372
39941
20703
10334
62980
38218
97527
96003
43246
78206
20142
55863
1818
37768
65658
22888
45432
85436
772
69981
57955
76416
94998
98053
78940
80081
16048
78656
44176
53522
64804
26330
99070
56560
44928
92968
55194
83533
49378
40116
22209
40900
88625
78982
89079
32514
87693
871
28834
78719
1736
72792
32428
92911
36855
52917
51152
68753
36927
63299
15194
27254
89814
14980
33916
35961
37665
384
65811
43655
25655
95951
81196
78067
24076
8968
97211
57032
56553
25085
758
65653
64580
9095
51974
19413
46700
49169
96781
6601
91067
96266
48902
38451
71888
25236
9935
2042
52694
57602
6270
9501
72829
91418
88278
9042
49911
12517
61347
40897
48490
90850
75407
22960
20588
43707
85190
43770
92357
62671
22768
10245
20422
62332
52284
83274
59930
56243
90687
59612
99225
58583
56365
44057
93281
53493
31085
93782
15788
96685
25838
87928
22329
34323
31709
9003
63103
27961
99814
40972
45745
57300
13431
27885
6493
68736
16565
34170
37717
89802
41631
86
53256
18845
94634
59779
47826
67174
94170
91231
25846
97402
61782
9500
97291
81464
31314
47305
66545
15782
91257
67273
45108
94292
36748
10487
15265
46036
38160
64002
29181
61378
35179
85400
14328
6929
13212
17966
47318
