42992
86118
68631
7560
96180
2183
26979
13645
1968
86832
91223
87852
32792
1648
93516
38289
61824
16092
85562
30305
55757
11190
9457
76106
47560
28259
74318
95938
75983
29148
36836
94301
52314
74182
25397
88838
75587
62643
41219
82426
6455
93966
86696
18333
2713
69465
17123
76636
45317
25974
69438
60391
82246
38374
38159
48477
17000
34820
76519
9953
14531
61550
66837
46728
68944
88990
34461
90676
17051
19069
34967
3327
81229
45743
66150
2868
5481
63875
46692
30895
90744
52024
43500
68052
93618
41809
54120
75915
14434
87353
93245
84189
92254
97740
30064
52770
68460
44151
23968
14199