49006
94025
89236
85626
15784
65302
69910
94674
54808
72424
27177
19613
18587
15627
5584
44927
42359
37865
4214
23556
37742
18646
23683
43166
6322
54430
76445
44538
28962
90440
51366
73951
21254
30097
37770
98374
61799
55323
41775
95268
80480
79071
92699
72802
97469
64397
63330
16331
88031
74395
71636
2003
27986
16189
65330
6218
43444
67366
68071
97519
88943
78699
89944
54426
47763
10793
54988
11070
52750
27819
58296
79739
42187
39131
9704
96554
94534
2790
97056
25144
77717
63996
68559
67495
51049
7298
22687
23739
14909
86903
87830
65777
27758
50074
1678
77578
93753
77161
77239
67816
36138
72603
66300
26755
89343
12511
71118
64087
41712
52604
64048
9934
86332
33239
82439
33777
25705
22743
28005
76479
43556
57496
9193
83076
93244
76431
73955
55740
70077
54645
41328
53812
48363
99635
20049
66602
74069
35060
71645
76696
15095
75132
41480
64623
6611
2718
44073
73238
3404
37101
78737
79169
61854
61309
96460
31485
6746
67169
20395
91305
3664
35570
31313
13641
22680
74338
12584
24968
93480
35924
6775
47740
77462
56023
81352
96612
77053
37208
93468
35211
9485
76993
10345
60561
23417
15804
33278
73131
30455
57619
64807
17895
63101
86023
82395
10427
72664
54189
73377
93636
6046
50759
44757
2189
35016
73228
11036
99918
27371
64894
39063
8795
79731
75285
34736
82301
65670
93191
29156
64338
9595
40513
70475
65136
29549
37690
83358
61526
65804
24739
27977
52228
7633
9557
15286
40538
58862
42992
70399
67029
11408
63498
56795
20591
12298
31811
96821
98755
13296
61453
31699
15232
34572
88259
83871
25467
1698
45578
33737
58543
78307
42696
92173
49514
40248
5302
38172
88682
32247
22615
27932
23154
46325
82003
17899
21602
28464
14526
75837
43839
64835
94718
71422
15149
1951
35867
27031
90872
55923
45271
43437
1016
72051
33911
85561
55765
41960
76141
77663
69427
66907
55536
63558
93709
99248
82672
45481
15010
40329
58598
72083
65126
32506
53806
2835
60402
70902
35460
74650
89025
53992
18938
67370
55109
95555
13412
53200
18185
47571
96692
57084
59542
18894
76085
44118
40464
13083
65748
81286
4287
65153
68830
23474
1372
49127
33185
39674
80754
92412
73045
75018
54845
5493
44292
95699
32956
28370
52915
59326
49175
99961
94675
96283
686
2865
72137
55360
48951
88244
95134
14343
87476
60477
80689
92813
7963
36826
38190
66674
95965
71325
20530
3277
38370
29055
39542
62755
14727
34564
76816
16707
6545
29558
88658
26149
5375
95204
38584
64389
28851
41627
73199
63303
12856
36105
55885
18367
5305
68111
60736
63839
3945
79965
86093
88879
7850
10285
94944
15543
58518
56149
31766
36792
9100
80399
72169
10390
69280
39755
79062
88743
13207
67211
94500
30235
7244
41934
48150
28158
20505
63242
73712
99034
8235
75392
73585
53636
51696
54977
46411
58869
478
77675
41842
28164
17536
39505
86258
76428
86539
62875
52201
68235
29598
21350
11660
6948
99730
38071
54437
98657
6648
59770
49191
62783
6440
87020
72480
44944
53726
51980
3876
67206
59376
2268
35416
48173
96135
57182
99022
584
51836
15296
68771
58081
26965
47777
66401
57212
70734
91893
16
19545
9860
67866
82709
73365
97049
54234
97510
19449
17381
30599
80604
59853
66666
72391
84030
15381
16987
61970
49529
69759
42500
14275
176
53349
79293
36033
50229
6938
12270
76483
66751
24653
64302
26735
11087
35629
82656
88219
10344
20287
96584
44249
21123
32216
88709
23063
85979
2335
86962
53469
33085
85885
68548
59959
47377
64892
59691
56843
81983
53171
94524
58262
16124
70383
58920
4218
28298
82083
87560
88769
10089
31938
44833
98319
90276
90575
18249
7949
59506
75919
34314
67676
50480
73772
81488
54761
19903
56143
79519
5443
38972
79910
67320
24738
24859
16938
21117
96028
59756
63858
848
14106
55090
30672
93689
75803
56755
54929
18758
24353
88829
21048
84136
20983
5640
24508
51844
12019
21202
62734
87456
78594
91991
53404
77817
88951
6507
2693
24936
21234
24384
3117
62626
29451
86616
48545
4553
86949
82590
17231
48610
83453
54518
79325
74330
69912
74591
72033
33678
50810
85520
21245
75832
12061
84864
77003
62997
45873
34712
4845
63732
83041
15706
20155
66894
90548
25294
96382
83673
20832
2176
51210
71662
68798
77672
86887
3472
5897
58250
75164
64817
94324
9760
58586
60439
63147
41160
11968
96813
29271
23241
37524
54983
8840
84852
30983
38720
22848
61129
58562
11460
96494
5115
96124
8
8138
40903
84378
94981
85478
36096
35072
29178
51139
5426
97742
69694
45767
52037
9890
63296
10774
3436
77341
33896
61241
81354
51544
31768
82231
93270
5011
55318
94437
65760
73616
17679
97157
78725
76606
86226
82832
82730
16961
48167
8664
94485
35696
14410
66470
53608
32273
1244
13414
96830
94210
44674
64457
77118
17603
99330
2965
86122
86395
53599
15344
66872
93261
96867
11562
91128
5690
83441
12757
26984
5300
28931
53150
23490
73949
50788
36222
39658
87287
32490
74928
17967
54063
508
35875
31407
72884
5249
21286
854
22455
26101
16435
90783
89859
62343
89807
8542
49948
55016
28582
2838
65785
62080
37127
81992
58368
21735
10710
33851
83233
57421
47659
9544
58546
14162
87880
34739
87686
35512
94563
86316
90651
73259
81063
71937
85132
51200
48883
4773
46937
59093
27276
17810
4832
77187
48754
30834
75383
36929
47624
37466
70624
19841
17402
97596
64818
74805
87982
58073
28469
19249
40795
52966
43997
12197
84302
5932
96490
97900
6004
66383
54153
35953
14178
29372
66288
7056
88974
89777
34773
11573
58712
85465
48740
8499
96957
19130
39378
58061
59799
53816
8091
28252
50481
31032
28849
52273
26502
70195
30201
11905
76596
46517
57146
98584
18220
19881
51302
38217
7308
22994
69412
45668
61690
5453
23525
55449
16602
14237
47131
89639
74139
17530
72715
3866
50707
53282
41100
55709
27129
17103
39329
65455
61098
78925
15349
51351
243
67844
98146
84820
44536
12601
5059
43224
83502
37536
18762
52024
10278
34606
33078
96233
84285
68741
58436
81047
62302
58990
54630
68547
19155
6665
49225
26812
60608
8272
68622
19953
40127
36029
2237
95920
2419
21247
86977
38691
29167
56948
83385
36849
19611
9372
96129
96875
8236
58443
40344
27880
4692
97129
98603
77788
99174
60190
83540
93465
78624
3706
87032
97425
74738
73905
65451
55458
8724
54198
88411
95204
13568
6840
43615
30323
46372
98707
53755
18737
9694
9521
89897
89792
34951
56660
92004
96857
22979
68460
88761
78982
35088
20959
13003
9163
64358
51509
68163
78052
46775
71989
12484
25661
23343
22712
51775
18440
93153
89522
85891
97203
15502
85504
83266
25437
15577
6471
78082
96042
87411
61615
67484
18512
67840
39768
10997
93511
42909
36661
65190
42346
4534
89119
89473
38486
12878
76899
64266
62411
92612
36350
30118
33399
26901
93491
66073
79593
58918
82139
26361
99381
16917
41107
41750
5114
19317
68270
48474
74491
50167
44698
27462
37863
73158
56614
99985
13832
29116
2661
85413
95213
73635
72809
33493
98783
75772
13101
53845
55846
48503
56004
1189
58016
35694
29173
96743
52784
35282
43848
48550
84837
47284
39068
88016
90336
86601
10256
66484
62818
94818
94329
93266
83596
6814
91422
21680
69196
35395
32235
74120
57632
94466
3846
48952
1129
34500
3086
59883
5819
47294
97560
83939
57245
56081
25456
89694
89894
88866
1995
10846
42392
6901
85216
58501
56600
11209
38045
90028
89751
75390
79477
21307
48485
86232
44537
27985
48798
73858
916
81522
59489
82246
92971
95150
82367
60510
44773
79324
90862
48300
27309
95653
95598
92903
60388
18360
17291
25254
78040
80406
56909
96551
94378
92008
81328
63598
33333
33846
85576
46470
11193
43072
912
14618
80289
62193
45023
17626
76477
33509
51535
54253
57385
31805
97770
74732
8961
3327
87297
66298
78812
89450
69549
62533
21182
11078
9448
98401
84167
46998
84217
70486
98470
64462
6715
70873
40092
81337
55747
48549
85371
34081
27125
21096
82964
35518
83243
41001
8419
38075
82997
15892
44852
60557
67505
75502
52606
96602
80251
33622
5182
18690
70802
99866
88113
77486
60387
73687
22147
46577
51952
9417
91399
66179
73310
88897
35853
11731
25820
12508
69982
38778
97436
75630
12355
58914
74429
94226
92211
87216
15647
78743
88472
15558
91071
76073
79761
35042
2990
11515
70180
95588
38385
65794
57898
45367
66633
62918
78483
21749
32463
70596
59102
33829
98733
56874
88304
68321
40808
4173
17237
22757
84107
68862
44966
12064
51558
54938
64835
17765
92955
22932
59
51138
9853
13863
30324
97708
49546
34253
61173
9393
107
8224
77951
39346
92107
40344
89371
5826
3181
82475
92173
34897
10868
83784
81238
23346
47307
69905
79914
79169
35992
38445
97733
8476
32072
93370
42177
25789
29840
42791
60912
2624
65946
37017
79922
64962
13874
65637
23617
59288
47636
17744
20328
52038
42515
90045
54623
84541
12789
65093
12993
24526
28083
46602
623
48002
88874
17819
69020
51284
15995
34077
17833
3393
63475
52506
17738
98985
2222
13628
10001
93447
51338
80522
55798
4102
89121
69133
29432
346
70813
73902
67711
21661
18929
38543
13419
18441
21581
40358
59614
78960
18563
82524
9734
29641
21551
78045
30524
64410
79258
37668
78019
61823
25441
41403
88832
70066
39009
15201
10007
23564
97210
40084
55946
50473
10677
26274
14544
12247
14374
25831
45062
83135
25879
57484
29736
16734
97980
36990
90111
83144
3559
36215
58025
69882
35190
75961
67544
99692
85833
50692
85019
59317
74954
14895
36298
13645
3055
69526
78974
88370
45873
766
59372
1471
84035
78761
97461
49874
22967
33971
21794
50072
29616
172
21858
65068
47062
87267
24798
90166
31800
87554
98814
75044
49438
67258
14180
774
33666
50054
43992
18976
51608
76531
24524
27147
50545
35096
77392
91395
58317
39535
16633
14084
65603
20332
86255
46248
30080
21907
38550
49978
55984
38967
87185
70433
99138
2082
38831
37288
60602
85498
16203
83636
71516
15865
38836
40574
56851
42718
46265
52495
45960
28697
51372
75301
85566
3440
86163
21407
2585
85814
41667
42883
24706
81928
7742
45317
67116
22944
91652
54436
18525
32832
92137
96171
8802
85572
51062
67177
87290
57522
99419
25446
5694
37893
1505
28334
99101
63150
12252
30651
69192
34292
33708
10213
3708
60887
45885
93008
76682
12861
10752
18585
43977
20452
678
68151
9408
29787
72899
59466
58268
66437
19916
21088
4911
73893
89152
12976
14089
31821
87099
25489
29385
19571
80553
4333
74933
47702
28966
90783
79563
72546
62899
20049
10209
94434
35603
26611
84138
79533
59532
49834
44332
46842
61279
51649
77823
90232
9769
6956
77234
31699
43071
82882
43130
18241
87925
46507
87315
65578
30559
43346
4937
66604
88829
24254
71380
21295
20861
62597
68137
33191
79358
62845
52808
25653
79189
91888
3960
42048
51613
13539
87863
45318
58537
77691
70123
61472
20689
66589
96474
58163
62115
39281
48266
1744
47683
63982
51080
36553
67665
45673
3097
14714
86630
84190
1862
27695
97462
14470
61231
43808
74837
31905
46334
14246
70821
77702
94961
41076
40727
34829
7853
34651
33224
23759
68152
89643
31841
27160
40093
60197
71310
48975
12592
45351
39080
94919
41055
24969
17524
17239
12933
52133
85089
51914
14958
29502
48265
9095
46563
67637
91513
81743
16290
18356
31744
71254
20138
64077
7554
21113
27051
10343
5158
90696
25284
3935
23798
13269
97806
66832
73945
77576
96290
28835
45814
99023
16041
89138
23216
63442
63946
82011
42113
58506
28243
11215
9955
42885
33102
90391
43106
73292
95455
87220
60492
12108
18000
14809
79739
31163
1504
11069
69848
65676
16520
27223
40980
49084
44493
74939
63902
30135
94123
4277
32234
29376
37828
11432
21246
72140
34974
84995
97978
3991
42734
30815
27829
97736
5615
79438
71009
34470
86960
22237
48739
19700
78475
88035
64036
49312
7232
96601
68391
63550
18982
53704
76182
15398
89141
72463
29204
23925
16510
49729
32890
28601
37303
57645
74170
24576
63458
25272
67941
70509
85614
27453
48894
414
90216
35542
55659
41486
91202
81913
26989
1030
12117
40934
48398
44481
11628
63341
85622
85703
45826
54941
90735
65434
86150
39674
76283
17541
6543
67348
37219
8235
16089
32703
35840
86638
72421
13810
69188
45004
88470
13852
33327
11308
94294
18782
63068
17519
84740
5015
93998
69137
35769
61725
32511
65725
25846
24941
36542
32912
62462
5377
83794
98578
167
50291
38480
16985
19581
9149
45656
14684
81635
13008
26042
68294
56965
48578
77705
18684
13795
6128
71325
64168
66704
75648
49392
30536
66100
82113
99230
838
35953
70622
13783
2240
7643
78550
80190
58467
85937