14303
29142
42320
32507
37722
46436
55373
21354
86958
34503
20976
22312
44889
71897
281
26785
6618
96104
44365
6504
55592
40971
51243
7784
34555
29664
97918
63303
49747
49629
1461
70912
99688
78299
22353
77957
94690
51966
82716
7069
1865
14310
22030
75932
34362
54009
70898
24271
26052
37945
52995
58076
74982
31364
89985
63789
99225
55502
16616
24493
39683
76291
27144
34473
49893
86378
96999
69405
69177
44247
96227
72715
16361
76873
85296
49206
88356
94009
92202
33873
52035
90275
36260
27282
31975
78334
17626
69156
73185
57814
99104
44816
83851
81476
13429
50917
17278
44157
64674
81446
42887
12866
26294
17669
92138
86381
22542
11408
92719
47008
863
93915
96808
83843
84973
66461
77926
87605
1857
57611
81430
39088
64322
86649
30443
62910
26037
27481
64854
59166
35550
79091
26191
19219
31004
47607
1902
99179
85821
87217
67110
67809
51922
502
73243
71739
30236
89463
4997
44804
17766
15584
50755
94028
91508
2683
51877
65715
68038
14153
86326
69094
66330
63887
4888
71680
31068
33601
54708
39208
85698
19389
74550
21352
59515
4659
38128
12872
17878
98391
47477
87213
32938
76612
50638
28505
72559
82638
44535
73508
25882
5241
90976
39122
27742
80072
3459
39581
37389
90172
62317
46021
80137
92877
75187
73492
7408
31864
66754
64417
14168
63061
85898
15411
25271
70107
1916
34734
41980
86276
91460
79334
52516
34625
68446
95552
20050
47435
70394
80866
37168
9429
75311
24418
34913
377
84463
30222
12146
37419
88832
65327
80921
1003
30838
37352
3211
99990
58699
21116
50479
94231
59532
77400
24433
83006
45998
46717
3805
11171
1656
7791
17049
45352
1893
65704
84124
19889
57080
13839
41611
1583
95342
32806
59455
73040
4418
92046
11855
11075
38734
13973
89597
96361
73968
16621
22362
83353
11564
55799
22684
40439
97453
85222
74277
42237
73054
51039
13000
16540
52952
46447
14638
5823
4406
44041
58886
62648
84736
70084
61364
72294
78261
83157
31560
38319
9713
36028
24633
61570
91003
44463
91558
35399
18134
66123
90546
88034
77013
59149
14144
25056
93660
16904
55269
81327
39242
72606
75304
1158
3006
94775
78100
97433
11280
34727
48666
72753
56492
61806
53812
14073
85512
70321
37388
47996
45975
16016
90107
11002
39759
31141
83426
67386
87578
84188
29152
8095
72677
11766
60392
4690
47063
12815
49546
45433
34019
98924
22029
24051
1426
13040
53082
2119
29487
1706
95791
95076
30412
55197
55941
80315
79823
91139
17861
7987
43383
30729
72179
38722
84082
62890
35727
22046
85062
4780
53444
12694
70673
40026
72020
9062
12606
21418
94374
7374
88863
15755
98088
48801
76875
98792
33321
32242
92364
34813
69567
22073
1585
59755
99268
41903
33039
27824
89536
82321
94422
53592
82584
38999
39447
46222
12123
86774
38447
62835
12046
92708
41785
66776
32541
15602
85210
27250
97661
83922
20928
94
71325
39290
65612
51194
36730
25768
60644
68521
46066
77443
21433
62986
49735
28377
41913
95500
89791
8954
47475
62923
27180
6463
8391
82048
79477
15651
12306
3239
83761
17346
44177
74275
2952
57072
52885
64613
95814
52007
41377
44865
27269
19364
94026
4780
7389
35727
3013
16364
64760
87668
23137
64467
30606
3690
73968
47557
83083
24253
15299
48931
74179
44289
50623
23103
76014
85892
48520
75301
94924
27577
35884
82897
71213
72616
16711
58014
22719
4201
47710
73843
16082
63298
49077
68430
78378
69126
79340
3485
35918
36178
21881
99821
69664
16104
46608
89338
41385
19042
50627
73644
76052
95562
7443
32824
37161
478
12234
29997
35637
7881
52795
31657
96438
78081
29008
89379
39042
55992
79368
74913
99935
90207
7259
61753
87058
95557
82873
78013
44428
40723
40848
27916
59248
81912
56384
72305
43635
73797
99047
79548
7234
49168
40318
78416
37350
32680
2395
45416
14558
17208
4391
64076
97146
4082
411
50885
47572
94788
58453
34122
15479
68845
56149
17277
51280
92526
85089
5617
74720
33230
88373
16526
10378
29453
49238
34552
73922
79028
60328
45048
2681
75777
23681
93690
87134
61085
68796
33477
91811
10734
92341
16417
2722
98758
43985
36632
9627
88266
61715
38200
56848
58772
33295
34790
49281
38999
81765
97771
65866
45218
32060
34232
38338
49122
40877
74007
79839
33172
35827
14902
61452
57480
44908
9494
22936
79167
16167
73038
49231
48646
41925
45516
32866
38233
4302
59846
56840
43962
24532
43102
7676
78963
37790
48999
84152
93928
37650
41439
52491
55830
74119
89835
4669
81482
52786
59849
17866
68160
67098
50150
77475
63322
45416
88827
56924
40866
66133
17228
54139
50420
38984
51227
74891
58486
8968
75168
25174
54638
35831
49313
20859
88755
37764
65631
18842
91753
83661
91243
32905
48000
75011
78336
19121
81148
50100
14801
26059
93838
20788
59555
26816
20074
66581
88407
79143
59373
25086
72123
67527
55946
86126
19439
79638
24125
49817
13365
7620
36854
2765
81809
1086
10138
18169
28845
26308
92783
3383
23914
83958
33679
49102
26805
58184
47190
63868
1875
76939
7766
22142
34903
34149
45545
91309
56363
76974
80799
52197
64160
36289
30586
4911
19114
23031
79170
58895
72648
85283
43273
8428
60966
50165
90163
44666
67211
60810
85888
45233
94688
7087
71459
1531
87125
19526
35760
30425
67530
24726
26995
48354
5200
64917
16076
2986
60331
19139
24296
44614
62426
49295
17383
74987
78298
78909
78089
69651
11969
53802
57660
23673
34566
19269
36081
26311
30672
26994
67288
17510
89036
63945
98391
72087
6083
32154
40705
95769
40920
21582
45543
45416
41543
60434
94430
57362
23027
67286
80707
91430
36595
13755
29100
56265
72974
33717
51899
44308
63891
95080
69616
19605
84772
69214
58647
72234
21184
51194
64010
83192
6884
20378
28337
48356
53185
21348
30137
99952
63058
36466
47049
29422
50050
22760
12227
29502
94396
83729
35184
16303
77843
25394
60183
72369
36759
24714
10337
16293
89892
86556
31840
7850
49779
98069
5097
72158
32629
64336
71439
71346
51352
44858
65230
11789
60038
61177
12151
80166
46474
81692
35854
85857
2963
85191
93395
56002
42714
15204
17773
66095
69227
34601
95232
91007
64114
49993
31011
97144
2144
79144
69631
3776
64693
97619
58962
71386
43225
37169
73549
73719
48548
9731
71346
14573
40634
65848
69071
56580
80217
17559
9330
13240
61660
92502
69095
64537
47268
85300
37955
87554
86028
25086
46265
25092
10624
32593
81701
53546
12568
84158
68146
49192
9994
64116
5400
31895
942
944
41034
46821
87983
33264
96958
12869
35366
51340
8471
86346
60856
64191
28984
23706
99331
10579
99129
58033
17744
11103
6034
77703
2450
64103
26644
51973
55528
77374
74605
18781
9793
80412
50390
72035
88451
50863
36157
39663
23813
12160
22403
1037
37291
16979
30791
2511
38832
69585
29677
94052
89172
59123
87016
78327
65017
51238
63037
95192
63483
63069
83604
36089
67045
91805
12380
32021
97981
11546
29889
50495
49402
55266
16235
35704
83091
77037
48134
44606
4574
35663
21466
58166
57587
21622
95553
66819
61042
67424
57741
6788
49848
76425
50408
89320
75935
86638
43444
58186
96656
51019
28714
87359
96605
40145
77376
15778
30606
78210
70264
84635
45111
40824
3595
20936
25189
97511
66461
31183
45054
4380
52767
39806
90894
14415
85494
23876
93709
71029
80089
60973
18050
86467
53126
54062
43661
90349
40092
33854
14968
40501
19913
67429
74501
9755
42330
31370
25244
29233
29399
69732
27523
51642
40989
27727
44927
58187
8781
50772
77303
18181
4469
11234
86821
42782
81989
36022
81537
63550
47732
7846
62523
69510
67743
60772
63841
93311
6064
52154
55186
92783
93136
19848
96771
59723
5154
75716
1379
94189
28850
60887
27238
11273
13171
49398
17121
59089
30793
2919
32119
18252
579
4765
37387
9286
55402
64677
40425
90534
66644
82584
33802
14387
57683
63970
77546
86015
92096
42987
70747
52141
98757
21151
79641
36900
99089
85222
24137
63714
81184
63772
64220
59045
71147
64361
73777
67788
25704
60737
2286
47134
88543
21594
29865
44117
2476
12514
54361
63879
37826
16593
8753
70239
83610
27914
57583
65975
78626
30595
63110
2598
61473
47021
93242
76638
20831
91447
66647
79514
50188
90823
24721
54451
48258
92885
47370
51922
67721
42862
33399
60275
50427
20595
36476
92606
85758
29419
96282
7535
7015
90843
66749
84146
91501
71386
40795
2970
14661
32686
975
2665
10456
8256
78703
34456
4249
99345
8951
89863
78493
71365
25670
89979
71051
48087
73867
65215
3178
85350
87128
9686
67239
95092
2667
37080
78650
77579
54076
45281
8672
98689
62714
43547
73884
84260
45126
27469
79898
19982
7407
27787
27234
91500
18720
75269
44352
69202
73582
38560
78165
6156
32308
69270
78994
31202
10331
36322
82109
34135
62952
68614
49211
56481
64779
6799
64054
21295
91061
31717
23201
17185
22352
9318
49483
19940
98755
89170
50882
4496
84935
69980
18694
35343
89789
73949
45358
81971
49292
31827
55265
94929
16258
34280
67081
34576
80334
43168
57953
55805
75625
57773
47696
20314
10063
31181
72221
86255
76236
68044
90369
83359
34533
46726
88476
56773
5635
56424
63431
93480
64383
71765
59621
39588
28960
89312
35208
44678
3175
65549
88737
88775
77753
49194
88300
90932
13411
54672
92523
16023
94538
52947
1117
81084
44308
25647
70480
52201
99284
34285
24811
26282
10566
35019
74681
37364
39601
41052
91742
76634
50833
79905
45053
76829
34140
56078
49001
72017
43430
67132
90951
31669
41225
42526
9347
3365
63756
91130
17232
92791
26052
64246
43539
27212
80613
50842
64673
91560
49288
36561
70644
72836
99940
79488
3411
23306
67608
25376
85376
65030
14217
23649
51953
13407
58593
73923
19564
84765
18634
70704
24877
34847
78565
8974
674
81710
53459
64876
52851
85627
58963
15733
53755
96290
45656
94858
67371
58190
43010
40889
27211
75755
73877
22201
46569
49255
82639
99847
29760
73861
65035
58668
76926
85797
83157
93806
33660
94433
44443
9418
65988
73996
7211
29014
34544
65748
66130
87714
36131
43516
643
20020
3124
32079
88696
90057
31195
11742
68663
33424
51438
57457
39212
25018
365
18597
10553
26496
73495
71233
52256
86686
99686
44892
7123
69573
67665
9600
39684
339
84253
15668
36233
92082
29569
7651
27070
55483
88799
71904
1478
23182
95445
53596
24462
24566
96884
99082
23886
5653
32528
79870
96569
12913
18213
79802
43482
93914
32807
66579
40011
17806
48407
33967
19540
28980
85436
43779
26962
3078
10563
52517
65816
28392
11327
69593
31243
57917
48452
11343
30506
26528
30223
75557
56225
90569
46389
29539
25425
99767
23447
83187
2120
73296
13343
50637
14944
1661
4639
8409
3536
16144
51575
49985
32765
34541
203
89974
72689
66790
60522
18078
36313
78145
66974
27666
48383
30374
80635
41156
61222
37057
80634
3240
28221
88800
82788
31897
27997
92125
50420
27407
63726
17079
360
21048
59501
90787
47392
29085
13072
85130
84163
97691
50760
61109
91357
37075
85599
41352
38048
68259
3342
71007
5414
17116
36367
52537
21738
69172
30611
88632
93378
13541
39177
50377
18123
6028
8962
9980
45215
19068
78565
39625
68919
21614
53284
32165
20605
12502
10824
1279
98299
78739
17342
5488
5349
50586
17658
68409
62441
69472
23886
2355
53024
60435
6534
5404
80738
44530
59267
53494
30467
90576
65167
86246
3699
5826
95986
83145
61151
76426
85811
96867
50364
91102
5344
18315
3297
33693
52298
5772
50813
30131
89501
52440
90469
2661
74929
4057
75433
66030
3999
22546
19957
60600
95152
77977
84019
67862
50909
85784
32450
26100
86507
82437
12650
82287
509
18774
56542
71178
51504
80135
76432
31077
93787
87917
47419
10559
68819
93932
22505
92213
49266
38236
33810
79538
48408
79881
25731
27162
15490
82642
28868
2866
61628
56016
53074
22827
43920
54003
33603
8806
1983
4205
86598
76479
56505
97055
12721
41260
4030
65388
98043
79614
77079
35084
10383
32991
4120
35176
91493
42521
67795
8425
30672
49955
13412
81078
19740
15659
26526
13736
78927
61734
56374
65257
9444
76175
88161
15459
88564
63017
88586
1413
86489
56997
10230
30764
99962
62563
75493
49833
91719
16792
98779
47456
92472
77817
4426
3479
19219
80195
99811
70400
50412
80793
93364
94136
22280
5265
52424
66624
88401
99331
10757
62169
21762
18566
39103
40026
42426
59393
41085
48423
79915
53298
99679
44214
73407
4851
32372
7148
33351
67282
64124
55000
28597
18250
29802
5264
22817
12909
71341
84520
28709
34593
15229
99339
6446
28807
52039
91300
34408
63757
79511
34845
38964
43281
41213
94270
21738
55472
23025
26508
70559
6274
16305
78083
76078
18614
71164
46579
42711
38715
94208
55717
58772
55198
87898
81510
71034
8499
7596
59913
65351
53774
6248
52060
89622
70230
29226
27995
70387
90188
80096
30940
4378
9168
821
65521
92987
79219
2226
19886
37951
31689
75890
22642
17056
83430
55840
22457
9857
12679
80672
49912
76557
85767
64547
62097
82951
52183
62774
73959
23912
32214
19285
69622
33419
52434
29262
3962
39740
20151
91946
38094
44757
3225
70223
3319
24383
94852
56000
36476
46501
69315
25033
95328
40942
75879
89552
1763
8193
5544
81839
99497
17458
29835
30913
35968
5256
98770
96519
1841
66902
81590
85008
14450
75314
13498
57795
10865
61511
11572
54916
26416
54837
62663
58121
40350
3336
43669
19906
30414
47145
67339
16127
45249
12379
69741
8416
65938
70394
73076
56981
19202
7636
72629
64495
30504
13511
38253
32566
6246
33327
88161
62439
6530
9468
68044
64568
87759
94578
24695
39499
79291
73748
83720
96026
31004
99324
20878
68407
94031
64234
33663
76801
93746
96606
16023
13283
58295
21623
97601
16174
48507
57055
80688
81269
70504
49569
61323
76416
30429
97022
75372
749
31059
96275
17577
23378
57979
68548
76182
78034
56233
15968
16902
31463
50477
62033
72964
32278
992
85016
75583
4235
60066
47981
34466
54546
51667
34781
68268
87566
85767
96230
42173
66487
79246
28872
71564
88744
66343
51463
60841
96827
84919
10470
94084
61830
11845
68385
46757
12385
53599
87076
92011
54857
75941
83975
90783
60072
45067
28351
80518
49183
13221
53824
75793
28356
98155
47972
94468
93439
3068
59023
98611
54818
48579
96534
75133
94696
58223
74365
64746
17647
49705
32300
34483
80699
90605
93563
23329
47757
13206
28629
39684
82957
90281
88465
18501
24984
80202
9930
80662
26710
2271
94111
18967
80301
50045
91754
34588
72085
45446
59365
46649
82615
27340
21138
38171
98247
20320
56725
25655
18214
38121
43518
67376
23477
27434
9562
65405
63442
71114
12500
19099
38994
53840
50458
53708
38086
75625
78255
16893
27075
86243
15595
39869
94950
92729
85657
51605
45999
45320
36842
29227
15347
22222
57662
30511
60586
60772
71774
5348
78937
44494
54960
49453
83651
42571
85
5998
95358
53290
13756
59308
55009
19684
59023
63750
7429
25261
70151
31584
56010
21305
5529
21259
97511
56599
48615
21647
78016
42318
65917
92924
86224
70094
85071
402
80307
38712
5300
91850
71390
49231
37925
6751
35687
85860
98358
47540
13069
65363
88760
49714
16290
65671
90916
90833
98273
45236
22568
82617
10284
94984
84214
41308
78519
2109
38359
71016
13399
33129
94630
51355
93056
53617
68689
67446
31535
87148
80543
43682
53589
77308
76641
2797
22845
79837
69454
49886
43705
80366
53364
72328
83094
68542
10170
5077
33602
66878
26586
50392
54319
81044
70056
11729
53099
41202
56608
53305
67243
26941
65373
75194
75771
42736
16486
16506
1350
77985
10439
2559
49360
94304
81001
98670
66813
29802
6218
97576
98095
61954
4468
43330
74273
71095
12975
13924
57461
66200
48778
75476
57338
16766
40436
76516
20191
43577
75956
53867
25233
68773
95496
76025
24700
95762
54000
54592
23614
40923
3597
38878
31910
44978
21842
56926
91759
12655
10462
22368
64669
64579
859
2220
42056
37495
10402
91623
89780
10316
20688
51993
49503
83070
904
67202
95651
8626
53859
39223
12720
60813
6431
88082
43062
20751
2691
66739
91240
19689
85993
48212
31712
78977
20578
42605
21241
15425
33624
33592
20333
34953
63693
13455
66337
21403
12559
82040
65671
60022
50969
76033
48063
26654
583
65766
58153
71255
66483
91005
41132
78459
5601
52198
50540
46876
68226
97035
96736
30001
77145
64757
37837
15966
54780
23540
42825
52695
25365
22360
71001
26276
36608
31737
24131
17669
43826
73798
29088
52905
65400
22977
92237
19167
55366
675
50015
62891
17583
78727
7108
47242
40011
54240
9772
56061
8836
85391
54343
45283
91121
91425
61067
75417
1760
27635
33784
38306
29641
32980
83139
22712
15728
79013
38847
86146
62473
83626
26711
34283
30895
72411
25115
20271
99707
21698
7778
35879
45773
87680
3155
75324
96525
37007
62654
48721
77973
42693
50422
80162
19529
53632
67859
58234
35424
51313
92301
10498
2272
99774
92985
97093
40927
70578
17017
65733
33543
86104
4324
50545
1127
42210
68493
41559
51897
26969
22212
69723
32179
14108
81013
51312
23609
69297
63875
33677
53425
74320
61283
92862
4035
95924
20768
37905
35080
90942
43548
11857
89244
64061
95676
2609
10716
82722
25924
80849
61669
51422
69978
29354
44010
30465
90624
85930
46018
6807
6861
4300
50338
6564
86852
51999
22222
59932
12243
62891
99690
11237
86382
8650
75535
75020
36759
7749
76593
56805
15642
87842
20897
70475
93958
45844
29312
55070
66869
684
5285
59895
44582
70258
49413
42564
94621
6016
91171
1435
46958
29372
23536
32576
39661
76915
41677
56790
87813
51113
43115
97311
6228
29965
81944
32653
19996
12252
27188
29849
18814
32009
97449
12969
88160
71393
30894
96348
66759
93214
15494
77253
70780
31024
41980
68213
5399
76119
83392
54508
32281
72169
79594
68265
92326
53221
69018
37028
96426
13761
52683
42823
3487
72381
63982
11459
90840
90031
73262
95203
67217
23389
29473
23081
5005
6230
92416
3555
36455
60075
61931
79904
23314
27889
18765
37794
13185
17532
78050
35850
37117
24529
34928
46586
39905
59940
99878
88571
51192
89136
14031
59980
51449
77489
88252
5127
56864
8468
26752
33460
27283
77012
99304
43123
88151
77474
13606
35382
27975
21267
47002
22629
88334
11896
67199
73116
97161
4261
23430
87532
62387
17592
846
45234
76008
88855
69676
75642
25492
74009
73327
13022
73686
21615
46683
86438
41584
73351
52319
17744
42762
8244
1872
60461
88572
75547
80650
4685
26878
85187
17516
46089
65156
66118
93874
5082
63915
52598
42871
17000
11180
70072
88914
23669
1792
67469
71790
83240
61027
8384
37841
45988
32367
39732
22869
78398
25204
11755
82151
87591
23842
36431
8862
48651
82504
98293
25224
40460
34230
19767
39557
90137
43371
21474
59146
98570
36017
31548
50116
5121
63786
91667
88460
14161
94540
79676
48323
57501
92551
67331
68191
60374
47237
82752
55716
78444
74100
75948
66496
47088
46914
6099
35803
48184
48867
64203
39142
20629
93108
52769
73187
76762
61935
36543
9315
75087
43371
4160
62428
20882
90279
32152
19880
75205
84652
93609
55052