49979
47982
25582
3425
80930
35961
14585
70729
37373
81679
35105
75172
40782
34695
52971
21450
38884
20596
11498
87438
60937
417
83044
33189
62700
28586
78069
40658
9
71980
88481
49135
87994
33375
68358
86613
98745
64078
73376
53926
49339
16441
65759
72194
5918
15606
22779
56702
81205
44609
38826
7213
84555
33513
12378
77602
59155
62115
78308
15971
5364
41950
22458
68567
39068
4287
35000
29401
88233
69026
22741
49254
77248
13627
56499
89653
29191
14892
56050
23807
86822
46321
35074
4710
94
2599
80495
79881
27152
1085
96185
53061
40590
94626
37997
68627
71804
77357
6743
10953
26502
6058
40463
29993
44283
83921
36347
90247
80591
45520
92138
94829
76059
43197
89418
68916
9669
25590
60714
66433
42489
56499
67902
89629
82542
46005
83944
30703
42017
90588
28560
75207
32240
33947
45204
87948
17571
98791
24102
79548
2498
87419
47387
59852
80196
40197
93904
7932
40347
49509
54068
94230
94556
39337
48428
52528
49956
51551
36185
49419
38461
27061
54472
14402
68424
27319
99476
40836
32378
13599
2752
38016
18523
63683
35300
22581
7791
78465
27528
48236
39284
88905
38524
11346
63707
53688
85086
14072
46026
66256
43657
33364
28709
89654
57608
74041
6521
53198
84458
34840
53504
18722
85445
31677
58918
22008
79046
58800
36331
94392
82464
45337
13389
48793
84867
1272
58884
60261
24464
20904
39680
69668
95465
83090
80436
53677
94625
66344
63399
24462
51803
71011
75884
77036
9834
29738
68783
67943
99348
63232
64484
94703
19142
5217
5334
18188
31133
58814
55912
48735
5532
54083
54110
70081
63339
23992
93254
94578
68674
83144
15311
38449
47002
75803
74385
79797
69689
77284
43352
92773
47056
46854
56689
70192
70471
84488
74285
18420
77722
68220
79401
62130
76091
11107
65963
2803
12593
82317
62961
16927
35675
58675
30119
59775
43495
64729
99471
15729
98564
47027
59509
59084
13428
24298
73499
88829
37938
179
35610
72511
66215
25418
87909
65061
84355
3251
24317
96205
99823
9721
46233
60577
39121
11476
55740
99945
76703
59273
47990
89576
7853
86802
73845
61794
81116
17649
93220
98803
15556
89745
16207
5143
760
49864
39555
75339
33592
98944
16459
24157
49339
67037
9749
55408
94078
37130
62229
74609
31348
5239
73235
31163
24998
13868
80370
31765
65182
23719
7240
2127
82428
61018
79159
33244
26606
45749
88374
78872
97870
80807
69471
13882
5357
82744
42897
62712
1408
95044
45640
97055
35744
96727
88123
11307
73858
29567
42106
54207
40003
82466
76995
62764
38678
39833
19449
85068
96464
24438
76694
46208
71014
65142
5709
98725
59234
57789
96221
79565
68701
5334
73935
4020
29893
31672
93960
9090
62138
95232
31952
15416
86195
77135
86715
76074
48072
80069
81973
41417
51493
40757
47017
20954
73335
84925
92093
9831
42758
61366
63231
9349
56648
26912
72618
52368
14766
20063
57024
77495
33467
93965
85361
14424
52975
14638
60131
39558
54624
1131
21942
23506
69068
54214
6682
51701
30955
30356
53232
24296
41356
20393
60884
64906
33640
75703
62846
50984
66830
71696
18628
5540
83321
39384
79742
99410
6226
84936
25341
18284
90023
61651
81137
21008
71309
6062
17629
7693
96605
39696
80888
77138
11152
79138
93155
26823
64070
95740
89315
8324
53680
80047
12639
24706
40904
78661
28120
37875
15229
23801
27592
92457
45136
25012
17289
24179
90567
71155
42168
3632
5856
53794
15494
71534
85375
45910
89674
922
23943
80948
66198
11954
42114
14749
80241
70554
15571
68080
68802
29085
48587
6450
64910
54259
58972
24372
45659
87025
23646
36900
83017
3170
17362
80244
22929
10019
97077
59977
26888
66388
41376
72654
70926
16554
20237
14301
39925
13917
25786
31154
868
46073
61918
77516
55446
94001
38650
701
80962
36234
32429
97951
5147
73294
98749
12340
34624
67903
66444
61418
98642
74586
9348
76458
18081
75708
71984
14505
22146
4142
31468
47567
89341
83975
62647
8409
89758
25809
5076
61984
26943
69055
64470
59133
98421
72078
56939
49528
31309
41179
14153
59731
98352
23966
45366
91338
46672
32927
35142
11537
60222
84567
39322
32787
9697
14022
59232
94090
39996
36153
49666
8595
89988
38367
46617
47831
16470
30144
61419
41572
89221
1415
1602
85689
44526
80537
94477
45603
75915
76670
54028
97263
51206
1205
7320
91884
52602
2750
75834
95122
2768
95000
70681
85396
77103
56996
71627
12032
62164
2398
6622
38447
26210
25155
30403
49997
35976
59782
20248
26166
16691
22783
90322
21677
19207
7177
20613
10055
73730
71624
13145
75556
24364
21500
68055
75649
363
59418
6177
53944
59743
20887
45865
34693
92310
26656
69363
46895
2547
15971
96224
29513
34685
31186
72315
10664
73022
9892
38690
7041
47160
82456
11729
27008
7749
84628
33100
70428
53899
56121
65822
54182
67911
74322
10312
38911
56818
91386
88171
67180
93782
51796
44253
42702
89526
26938
28435
92712
14550
60703
73779
51880
2915
29445
59851
11738
78043
13889
7986
78708
21304
82644
51382
22048
36983
81812
58590
81051
22302
64787
99119
28760
41162
81321
93483
86408
68065
46333
90402
1477
28822
18150
54361
6426
83677
99097
13498
71262
62374
46597
26177
80888
54621
46835
85648
79537
9193
15430
97388
72056
14728
94172
38251
85837
59141
61662
49365
48940
12085
53717
61766
95255
86980
48894
59850
61976
40268
60712
623
30431
79004
21830
19773
51273
61864
30323
88597
94469
54055
91920
21863
88724
47184
35549
86057
39103
3243
79602
24363
89634
57765
49117
26816
89215
98114
33918
91588
63840
20022
66813
53056
43281
14852
34936
51167
52143
99222
41124
78461
83682
38329
19263
92724
63321
37336
12475
15364
88193
20011
95061
81433
87746
40767
72642
20897
42854
99732
35701
39022
4280
87898
37781
12024
4398
77064
19542
19143
62500
94029
2390
16083
94948
78879
27115
14740
96355
57961
91036
96560
48875
81318
43670
68497
30516
33025
70954
52701
51132
37962
58096
82105
58606
17766
13647
28379
24475
84907
82320
16764
23708
4462
8750
55486
11195
26203
53798
30648
10905
81174
91460
72762
373
38258
91947
85507
52124
62174
87354
22800
88665
92464
58181
2066
16869
59057
93604
37008
7946
25600
96848
84696
39630
67223
42912
28607
32972
35214
96583
71295
41834
46141
22894
81934
49334
74120
59654
54211
50369
65740
72512
87488
40601
64276
30405
16838
85616
78873
23926
85272
25719
79529
42886
92270
97463
97487
49244
38668
73950
82756
36889
66360
2289
78791
20039
79875
88680
65633
89198
63938
25664
28839
65058
40835
6965
6154
85401
21120
3099
57533
80795
65116
78419
35536
35490
70179
93911
18820
9141
50619
31077
93841
51566
82461
46040
9472
49705
21607
95640
49513
8953
68233
1191
57289
8189
89431
74589
75704
66007
91961
36476
46647
35558
29531
1874
60591
96217
67104
10186
6698
93241
82011
67895
4986
88227
1241
57510
86392
3748
86574
56260
85913
86151
10114
88460
16339
92917
79187
64649
87473
93258
87867
47808
73457
86947
45103
93741
61645
25190
80439
57823
2449
67747
3448
61755
44816
3754
98374
49277
10674
37247
67954
16625
95874
63087
65645
46788
33102
94290
1204
41360
60783
31984
3404
6550
66114
9828
37849
70741
90230
14737
78880
41155
50297
89448
27950
65666
66084
18046
25586
25270
92880
69715
83294
53941
11311
50852
26411
25055
3138
44828
57388
77978
59499
4520
3816
28540
81838
35472
68522
76474
42341
8089
75162
65381
16488
1576
51344
50372
44785
93719
52717
75751
14953
23635
14372
74459
75383
3617
19325
54632
98481
17497
65872
98094
9852
22106
26511
17387
85755
5298
74167
30240
14410
19017
40399
38019
44956
67420
34326
32349
68790
6540
15848
41517
81391
83346
90298
96608
70988
27368
4623
49233
33512
43788
53934
44880
88021
31545
51577
9810
10606
28785
52094
15232
14803
74998
6899
70574
40772
63795
57843
294
62222
46225
70261
25400
6833
70606
15683
93076
66453
50142
80324
30884
77377
223
50772
72809
46695
10591
95321
45222
86345
47759
32354
86468
48511
75611
61588
5119
53295
87505
87072
32716
76549
99721
11538
3543
85615
36757
1000
5256
49441
52478
90556
79129
26603
52323
66831
88816
14211
89196
80866
15665
99873
98474
52343
71749
81619
59219
97240
68146
65886
17853
39822
56908
45128
90902
19613
6496
71367
30020
91022
94215
98221
25809
10673
48072
93917
71262
60989
30580
48777
30222
35364
90146
16319
88233
95182
11422
95636
97918
59484
91764
31979
32376
83154
38648
20701
85078
97049
77355
55433
36780
51243
32402
43244
86068
87648
60904
59814
52912
82
42600
30522
27083
47499
22456
46314
60141
64191
79615
30964
37285
16328
33412
32313
86906
97446
64519
11025
51638
31026
32668
4852
10660
86673
73045
19875
77378
64953
6981
42651
48229
27164
14211
78002
64348
19952
60527
84920
85416
77634
23992
16277
11429
52467
95397
89396
10028
99093
96109
30534
37207
64658
55171
59042
90097
69842
46863
11247
34775
39959
8851
29675
74924
78906
43511
25622
33531
48723
95521
61038
15205
99525
61317
32076
42365
86092
844
52016
38022
85576
23949
68542
39502
3831
35119
53839
5234
82694
29404
81509
45583
21748
61244
8813
21280
65810
89014
81622
76735
90685
27211
11206
9176
58199
63710
62453
32916
45183
12885
67577
70208
39156
17988
54068
43834
94061
2915
59693
43479
91120
97836
3904
21238
20176
5644
74760
1638
2515
98775
69696
92540
10474
18687
31169
51421
81654
61065
47586
77936
84665
96681
73378
72916
83415
54592
51759
38296
79361
63985
82971
50647
69365
28131
6405
14943
53722
90715
85999
35094
39105
5066
23126
82252
51595
52706
16495
39860
93512
63646
97358
6421
90779
95668
75448
73070
19911
38756
51461
35837
78330
18417
14520
4160
42255
25068
17095
26392
61660
73899
79162
67736
41387
64825
74354
45606
45319
54918
75368
63057
52276
25477
39523
57146
80006
29550
16466
10274
28258
11144
1763
33959
80910
39000
24387
16530
10104
20756
92369
10894
87707
71533
35698
5594
65687
40334
50886
90023
47040
37574
1401
19623
22165
10890
48328
21643
60155
93280
98125
31095
88457
69279
74656
58708
24418
91707
26114
10259
72511
97206
33352
40433
50430
18684
50050
72347
35698
38765
45325
50682
54859
32613
77026
64160
61050
20124
28619
24063
4693
96392
74401
37140
39715
78658
64638
24197
52244
18098
40349
39797
49707
70789
14514
5812
32429
22757
85860
14922
28252
91138
57656
11380
6126
71889
60228
13075
36532
89786
79465
15704
39913
63520
24816
59177
23979
93738
91947
85066
5910
44835
93843
50510
87370
95021
29028
58553
32203
2995
16353
1022
11037
68833
43787
96639
98684
49804
10153
16982
23126
23739
2373
69200
65823
44211
9011
67638
1080
87468
7643
84289
62264
58981
76421
65098
85783
81810
45014
73878
40445
630
14687
47506
95008
55496
3118
27785
58015
88273
95846
58225
13453
74014
52648
55350
45547
38677
296
50698
14977
98255
20686
84408
14017
70457
88961
22758
19279
25648
17207
92114
1699
95088
82658
59106
98749
31624
65923
28662
1668
50009
82087
7025
43497
43723
85481
77251
93560
46941
61176
11648
41018
35389
60308
98936
34672
73867
78262
96896
22100
79685
24893
60938
96956
33476
17283
43084
20882
62511
97058
89980
12664
3099
19954
32860
59356
81396
13700
26079
54677
3305
15478
3818
50355
61868
69201
95191
55562
40409
84557
30270
66195
87561
89764
25495
47469
77775
81472
61847
12848
78437
66532
47489
96517
77636
918
40013
43986
9114
71688
91893
83868
43439
24616
94606
4696
91219
14538
57027
49617
61311
17319
3986
69804
56519
93293
65941
3058
97170
58458
95905
67891
66207
3518
1577
54981
1217
93417
87907
80554
90625
47952
8627
28569
16963
30018
24081
51551
69543
12897
82178
88118
377
85127
84668
48482
62723
17609
37127
79524
61100
54682
2565
92878
68528
45406
88113
82936
15562
26003
37022
86999
56895
11659
80755
75275
15446
12007
16316
45375
77956
40799
56108
80638
79657
35910
64930
57470
26572
35177
19363
88541
50692
32053
36
24882
56337
88028
70620
64392
95729
13322
85668
98792
84405
62585
32509
51238
43106
45469
2498
94960
65920
92902
24234
51307
8222
6254
58915
16139
3240
57071
98425
96790
32093
49224
37878
2375
98200
49924
25996
76893
35823
38448
83338
62994
90402
94390
11895
18907
2108
77060
24852
65170
41120
83118
83389
46354
49299
69988
23746
54795
39604
82787
87335
82611
17456
13082
40022
53614
67875
98730
57180
71774
61938
35816
73105
21782
12395
70638
11543
8247
18229
18073
2819
53591
66111
51115
19277
72874
72027
85403
38431
48783
59000
54974
81206
9794
33207
35520
1971
33598
50459
87587
65165
80081
62345
8655
95274
2771
8236
43506
66804
19471
16101
27691
7822
42094
65019
60700
92358
26713
69138
11448
65942
94536
35567
73294
7967
19321
41278
64319
91882
90787
44695
27154
1797
81288
6946
4931
25339
86021
5029
1026
57941
15778
33014
16996
52909
31320
88691
8260
8106
7802
87407
36970
19584
94099
1381
13713
67014
48745
28939
40344
16966
43488
77241
62709
29358
31535
89824
8472
87464
30541
73823
31846
39979
67680
55504
80829
7053
47066
32637
26404
78331
42551
20962
54045
22160
37839
62210
22336
79183
52552
52310
26468
77659
28509
8938
42321
53596
50323
69217
57762
25905
39024
47111
40911
12078
67810
52175
91871
11047
20823
71305
97647
1284
57714
87703
24647
59114
27537
28670
58873
9879
51449
90614
2149
19628
84637
34449
96832
88826
63394
24348
66169
92039
57836
3415
74735
44619
23922
98394
13649
79393
36821
12555
66219
38792
18308
56035
88264
66798
4537
732
84382
63824
63608
73780
57069
49664
16330
81108
37230
1787
59927
66193
48955
15860
68435
66302
84545
54198
63105
68583
20180
28270
30626
23306
16366
58803
67399
52161
73570
78480
33667
94178
67459
94005
82913
88519
74351
49864
72098
27227
68928
38241
5874
37153
95185
11095
19088
83486
49398
56523
36883
68075
71545
52662
52791
13413
19110
38557
47447
35558
2054
93337
56920
16458
11285
83838
97977
25337
29446
17801
66748
65437
13688
19948
39674
91961
49802
22820
86288
47323
10209
94905
52566
90336
22703
26786
56187
22539
76293
91217
71300
24889
47772
28456
93849
81264
70745
27396
66541
97823
10658
88258
74009
36326
7832
21968
78770
55215
80073
72886
42664
6600
99164
56152
4219
13724
99851
59007
24468
80051
90022
52632
30067
92860
35137
37943
32816
29149
57958
39935
27590
75135
9209
47285
63299
96218
95107
87466
59141
21702
52934
54353
90760
2143
66587
16109
83297
62157
5474
27225
12473
56361
92192
86649
59827
88223
49205
26092
91105
43714
63656
73100
1082
94517
66207
96195
23474
13143
77062
68316
40457
96519
28960
28092
93502
29760
4672
17358
78209
38383
76417
7932
73674
81542
70293
36999
28981
94541
60296
71895
79657
79989
55367
73105
32852
58983
20957
73256
71087
65642
97218
46196
97172
46352
81353
32233
60994
66793
40385
97815
28663
3104
86138
90585
38270
36471
55643
58996
49835
87692
16191
81438
18969
36504
87789
4321
97475
7214
67782
8433
41803
41401
47075
18511
68768
76091
79594
90993
5864
55488
20866
6499
87910
24122
98859
67226
80937
49111
42753
10202
46159
71942
75225
51025
61917
36943
16045
36753
2230
41574
33746
42114
79389
39834
19782
79467
56333
35056
10782
21533
15923
72959
69070
66443
58883
56874
57367
7684
31756
72864
196
31459
85774
50676
81597
33239
14684
14212
59679
54682
68220
60831
93422
84091
59888
94590
37004
90902
60101
26660
62909
23360
76190
36515
5908
62752
29080
81913
25489
21382
96260
94643
68522
68095
86842
37849
54417
36976
55887
5383
49976
35232
5928
79740
97413
25202
51109
7224
45440
27883
48127
4581
70545
23616
52158
41188
47803
38606
34894
37201
18779
32203
61874
81433
98438
12638
86666
86559
34926
31962
18889
73093
9917
18455
14983
57253
77981
31206
89738
83578
76767
23042
60145
62166
6546
7739
3378
22227
74712
59865
66169
60005
72944
89406
63338
31463
17475
49091
61036
93780
65125
76876
56722
94043
50172
26921
45722
16836
77206
5734
70527
68988
93422
10443
87338
8126
51737
33751
80307
91085
27957
49280
46212
51055
4296
42055
30243
34079
43554
58603
54278
3873
28547
26985
22991
22992
86534
76975
37542
10205
1918
68885
57636
46087
77659
67802
49020
37974
96120
97299
26426
49875
89240
82025
33921
13009
46962
12951
3841
93557
31904
99953
14813
96621
7804
80191
89115
8226
78160
46142
52649
17773
94386
51011
48246
87985
66223
77193
76955
33727
22894
42830
21207
17297
4825
33196
12733
78625
49228
21475
65031
74266
17952
91029
83532
66484
64171
87781
12348
62044
66934
84673
49848
51058
35455
16650
93093
23969
48299
67847
45401
53315
94390
57308
19287
59846
81193
85442
55993
36366
97785
96634
6172
70754
26144
57306
63931
11492
58644
33553
70954
52864
57284
477
87550
15078
61448
70834
21043
24662
70014
54155
19381
5249
89448
75937
5580
15260
90706
32378
12685
13746
95572
98766
24350
68515
55528
13866
73554
86378
34198
73415
70742
97929
70149
8715
56326
27513
49963
93894
19085
69591
51520
92527
80463
39540
14627
90263
36970
81906
9716
7385
99386
57534
26015
38455
75484
67727
50699
74299
33224
77527
18972
61923
49297
56653
28729
46063
39862
50907
28743
83345
36482
84715
87804
40422
16774
11216
22874
19991
80668
46864
4933
37815
32957
80620
32500
83050
10278
94001
79052
15891
34821
53514
59570
21848
78093
18978
36370
1424
60158
40216
56851
88046
46604
14293
22683
55238
30696
8891
7785
38636
41485
70688
20953
3642
81340
83650
30314
37160
26595
67246
38542
2196
83465
46826
13248
54887
18615
38094
88736
67822
91993
75343
14362
61372
18593
71088
15113
48713
57332
87720
97073
20817
90060
65203
25119
44911
74359
83752
45618
92364
71846
64745
9492
35551
97312
56525
98514
35678
40274
2933
96868
6525
1895
74323
29153
32981
69966
28020
9396
90795
98187
77854
42793
2130
17122
72121
85296
63211
11524
23242
17251
48658
52544
9759
75160
18631
55584
12947
4144
7529
83186
79841
93933
49919
26299
80841
45630
15956
10832
79930
6849
79092
17771
50776
99912
96293
10219
82871
30219
43118
11180
30072
75580
83074
34045
19315
75406
9093
63310
57589
54577
77863
1499
60776
67332
59359
17676
36344
45013
99822
3321
5213
55951
2926
17085
68910
96240
63621
1609
90685
70629
21945
17201
30851
6149
21569
28398
49124
78383
4136
93139
8873
66075
39269
24301
84527
62112
75301
34385
17873
57882
52770
90545
10511
1024
9644
25167
8204
29323
22979
506
60852
63613
330
65153
52764
93299
68692
47865
54802
34709
3294
63746
19517
29641
21435
28889
57650
9214
80155
3008
96642
30244
39252
31845
88947
83936
13890
44723
44433
62623
7663
46691
71756
32216
95235
96119
79079
58093
28517
69348
44150
16178
45406
43750
67217
21049
46464
7351
30733
32026
63335
17411
30846
31613
41914
85039
11920
39548
6821
76095
62937
92636
70584
40375
2294
7441
65739
98243
40597
18728
6822
48293
41907
4492
21179
74757
41508
90168
58361
62799
58724
22709
98052
98245
68173
21209
52690
5588
98510
61381
42719
39430
86388
11511
81935
2673
49287
84852
81093
13294
8027
87314
38633
35660
75973
936
67371
12593
82714
92073
48763
89056
68607
71144
89080
82640
66125
22665
32059
56594
85656
65139
85297
30486
40480
19944
44143
20325
14301
14715
25864
11647
50987
14
34625
25890
29637
52486
40213
17027
23033
77082
42605
66786
63418
74437
66403
25306
94390
81038
96350
57874
9885
49475
85271
46906
6675
67483
41125
21760
95297
1639
79707
16485
54041
15945
66198
66120
86400
51267
54686
2833
19826
8516
14290
85490
8421
93329
92637
90865
3521
94548
66911
89597
99215
78174
18385
11555
59688
49228
34228
88466
86094
32893
46706
37619
33361
76459
75518
43132
96762
15809
1107
85882
66285
28112
28511
33713
16045
58016
2932
59061
83431
22243
94710
68599
35972
29788
642
14252
83229
11794
85769
83402
22674
19500
51200
7570
87703
67455
45452
17498
86268
27472
14721
77502
24331
53637
32924
89386
21906
58481
30259
80117
81766
19722
29312
29058
14581
8439
76380
39774
46825
32181
59496
94016
47157
45184
30374
44425
59479
73046
16366
68019
60460
92486
6107
23147
17283
30972
27682
19794
31962
48219
70115
8752
7739
57405
54596
83342
97831
45822
3948
61406
23721
7404
29071
85240
72017
33095
14238
97447
4626
70298
77476
32990
29906
82160
41900
9250
12126
24016
35214
8175
49866
4187
48970
66258
61792
81742
78345
30242
45104
36511
46469
17873
7029
76234
83089
83156
41185
17071
20556
43630
36250
77949
61404
76952
59506
65840
86648
39287
37126
86820
69582
72574
75476
27261
5589
79695
92883
60219
73699
52608
21751
10759
53967
13229
24052
83755
59406
25315
56865
83309
27775
45853
86237
65281
40845
93721
7590
26605
49857
92324
42966
84631
24046
90747
39166
66436
75762
67524
76139
58123
88059
85101
61234
67692
48842
90094
41399
80667
14199
44473
89692
30038
57705
4653
7238
85306
34655
5660
68841
73962
44344
64578
81791
11066
35680
32812
61404
16445
6777
27820
70155
36010
66655
48378
97654
26717
53175
15720
95554
70125
87985
1980
8032
33228
66128
49794
75986
1920
75338
86138
26761
33333
92845
13068
19454
34527
50893
33904
96429
73912
51555
28206
97354
34537
98479
33532
15879
94205
2220
90231
39875
13738
97860
18238
62440
31388
9068
26615
92950
14218
8340
19107
5374
45033
76904
33953
14020
4288
19000
79900
31398
92997
10710
75020
24172
32344
98419
51667
34076
58677
58568
9963
50269
7804
70212
4503
14211
44861
53204
34210
63732
60617
64916
91476
98262
85741
46699
44440
14542
81235
4021
42435
68560
92440
30682
44157
27761
75474
80219
43053
93402
75400
25615
13043
56652
11464
90232
63527
95285
42566
62694
71949
5510
3846
7381
28173
87073
96384
75549
19597
24171
78552
37915
26254
51653
50361
42167
85557
27344
33063
79327
48136
5789
26097
31264
18912
57743
64583
88773
27060
45903
28500
52059
47640
36217
79788
49386
29260
51628
83923
41213
88242
72062
37372
6587
35093
87582
37044
14249
25819
54212
16342
25754
35464
66681
38776
37797
68262
15638
74504
37992
6059
79812
98092
2617
90721
90024
54224
41544
14833
40451
55159
65221
22861
54796
50583
55564
82376
82753
15354
94499
94436
79384
53488
5196
9198
39394
41454
55763
5772
18103
57448
37998
18991
51854
67104
67910
6980
35633
71976
2096
42731
12172
11210
13136
76156
94799
7873
59269
60963
2425
44219
10881
10473
41169
18962
8529
89599
44613
1282
12816
26103
25808
49491
93618
53249
84810
73454
70364
30444
23883
11349
44986
62242
33754
89971
24688
8258
72530
68535
19613
1047
22544
93921
50170
12205
48940
69870
5400
1865
42779
90066
32844
77955
98259
76818
16336
36823
72217
4709
46582
72325
88108
14480
62411
34012
36722
6355
83702
60235
24825
69209
56820
62435
97568
18913
81120
92056
89048
25020
34458
14016
86625
92193
41410
36720
19731
83260
4833
61121
12988
84716
75571
43024
83584
62181
85065
63322
52853
90504
54623
38268
48027
59886
94361
80461
6862
59094
30821
66248
77405
28073
67470
27045
31407
68650
78889
25407
56617
91274
15954
59593
94761
25514
29404
3939
2112
22643
76929
94934
47180
45187
86607
37665
54986
55876
60175
60159
98100
51249
81891
57311
8519
20322
68107
91386
56287
43771
65810
27356
5726
12055
2724
82920
86922
32450
96589
10787
88470
1818
23635
50894
4722
58010
81238
9449
60831
92336
81391
13098
65220
69857
18187
26386
92375
6543
28549
60096
93897
92748
49869
63772
34463
16980
81190
81436
58831
68524
54633
50196
81677
67381
3022
2198
4751
28789
35419
11707
65513
84518
95797
66128
1453
66035
89748
95653
27758
9762
54931
51754
78974
19392
62540
72646
59363
28467
82001
74149
52899
24463
41802
75151
92897
80791
77279
11107
67871
53106
99751
91515
30548
44214
13393
69564
4590
31654
1384
15602
97171
17587
33674
78599
27562
92137
68554
287
45059
68681
4228
91313
48674
73776
2552
93668
55493
78184
71024
58753
52957
85769
31261
26388
41476
10890
76670
6101
66142
52775
62209
2749
36823
1104
33486
15612
85462
75035
35994
54618
59261
97823
9119
35145
6939
89778
46822
95275
90728
6697
41958
96975
80998
92007
47535
61461
75320
64759
31471
55885
55071
2073
45606
2875
93814
51545
3901
1132
31213
12123
84863
48785
33526
29115
55489
98874
56162
7339
96701
82534
18832
81465
19629
98689
98727
89127
11615
81652
46512
3647
69269
78735
73008
14292
4005
68325
9168
79028
70755
37367
90790
90065
39886
40706
81996
90644
77582
76698
82526
17528
19740
85240
51711
85329
50080
29624
56039
8613
16556
81674
34972
45529
20642
87575
92010
51607
15495
6200
36484
3473
49617
4264
92483
8862
8895
27736
61807
44720
47991
97587
41356
14398
43644
5886
16966
8075
38556
5286
33926
11388
93523
83991
25362
44419
92681
30881
60786
30498
662
95429
89664
74664
80683
8792
74838
28933
88853
91742
1277
19628
92982
16440
57989
33422
4972
19354
74011
7930
68120
75099
45671
96708
955
28347
34600
41757
36370
7877
11097
16941
66596
13775
17991
26091
25615
64769
41682
94217
13516
52855
22979
23162
62435
66832
34103
72795
21559
56948
62794
34034
21618
82023
62184
12715
5561
50859
14642
92910
95157
24804
94650
