72011
94343
57921
74029
32580
68623
85904
24071
26583
23317
56514
2869
30459
84268
16513
76112
1161
49457
45657
69552
83487
49496
45770
66884
41971
92849
57301
61001
10376
61939
29456
57681
39309
80070
44314
1076
33498
35350
37858
52656
93779
47285
88918
445
23592
54279
87803
21321
48060
19763
69366
16035
71460
71782
22122
26934
50202
81502
2481
19563
33085
33065
518
43464
14192
29043
63897
65682
63988
6476
90002
40331
43175
82598
72925
15475
70082
96316
28625
2571
52163
37631
28418
93733
59019
75149
10792
55952
22187
8390
96577
13561
84160
87464
72431
29864
49525
56982
69890
93358
60256
52814
13205
3545
65706
27228
54076
53385
98980
39943
23570
12185
46579
81734
65671
70347
68559
84015
31891
56200
68150
67364
8277
43788
65986
60712
22116
31435
51516
99958
89063
94670
62380
13978
3076
75944
89400
88010
2189
4941
77284
85465
46850
81564
75578
39332
76303
33571
8034
62008
67584
2168
38677
86544
97043
86066
65635
35232
10739
3293
70519
58884
29032
17182
20514
36001
36494
17978
72405
9630
23639
3867
6984
87973
20602
70903
92047
91412
10361
78825
84670
14024
92131
31043
85575
82168
63630
82119
40491
42132
90295
99516
25347
3617
25551
91917
65356
3913
14745
21193
98694
35754
26003
53147
58115
10816
65801
23806
88805
79120
49286
86919
89409
47731
30876
90933
40534
59098
81569
74060
79732
71688
51098
49265
43413
94550
22455
99227
10245
97145
33745
30293
74585
96143
78759
39671
60341
4537
13527
44539
72540
75604
3235
94109
25316
34446
10841
80728
61172
67311
32628
16683
85678
31757
65117
50041
81902
99295
46813
35350
26971
57754
7228
61513
28505
27404
40695
51918
48660
58610
34907
52042
48491
32413
38420
31110
94274
93549
42812
74316
55403
46225
13361
26329
68212
35477
83996
30317
10206
74869
31879
53238
53613
2754
48439
9466
9578
52639
3869
80808
75159
25756
79431
79029
84048
11746
12943
92940
78081
92794
4291
38354
97278
15559
21961
6227
35188
36635
38866
50999
23417
44356
38450
25479
64296
91316
94134
55715
9721
7208
58387
25903
1248
31788
4336
31143
34327
49954
45633
50477
50329
61519
31125
95975
87868
92892
54478
16927
47271
43317
30542
11482
91006
77414
87691
6997
14126
69905
13480
739
80966
47058
96124
35938
34670
81539
70543
66689
67268
66107
18094
42864
70305
68001
8623
67889
74171
91388
74962
7423
43716
55066
681
45095
75903
98658
88949
22448
26375
15168
89886
17811
24961
35759
87958
61614
32302
31266
86737
38505
23501
61705
69468
56816
88706
58205
83620
11063
53456
99131
32677
86907
94418
63161
57387
73197
82461
26786
96511
66998
52502
16410
26287
53338
6601
57642
19209
17413
78394
48441
58074
68102
44115
63017
5254
34380
97002
63568
34645
36835
3609
91943
62927
64468
61995
70173
45079
72663
70763
75536
36005
88900
81354
71706
92328
74942
19191
69429
36481
15941
88478
36363
64199
47966
65947
65397
77634
16026
34267
77448
56735
94873
51634
67615
87289
56608
7249
63116
16579
79026
34411
77941
78994
80587
24286
69612
99653
4606
490
98707
40114
10719
18192
62877
42755
75487
37539
85161
63406
54046
59261
38109
39916
12720
23286
8023
9952
85105
40028
37182
30216
6603
46140
16421
25370
12006
64461
41986
58309
10713
55732
96611
5596
12457
67273
68178
31051
41824
28455
3460
59083
99943
67585
64850
43734
67497
51163
85621
26813
85556
53072
30332
26294
25724
1331
12053
19155
53996
84909
54714
42933
3390
75136
48988
56521
63961
26485
33044
48591
2412
23780
75990
20478
6666
66015
35723
15175
24469
75539
84293
36716
78627
59432
73671
25021
71961
2210
44978
86758
65370
26850
17950
40050
99791
23366
18864
711
75359
92636
42944
28554
95796
33337
34248
5634
72531
15530
86595
73589
32857
45553
95860
62952
56223
65639
56834
61419
89453
66502
28469
75212
81668
63125
35923
78551
32711
66995
72383
84181
82099
38302
17950
38485
70963
41448
70862
44685
66827
87051
99047
78113
85825
3760
75249
56948
67042
60371
76827
99138
48857
40633
60929
78057
57892
84422
84523
61719
86788
46452
67995
57409
69104
51897
29619
60014
96249
1768
68322
10237
66664
34537
74418
36125
3209
54518
69327
27142
45303
51721
69218
23496
77269
74510
85609
82333
88302
19155
33225
722
36832
49847
94029
10637
90108
79301
21171
4036
72960
35799
85113
38701
56768
32250
50274
32291
12760
78357
86805
20238
16122
91013
638
66298
78511
8737
40331
58828
23652
77079
38419
43572
38195
18734
40125
75375
71992
62320
12003
60710
69727
5831
56538
22476
55890
44952
94482
32761
22742
70519
67523
90753
63419
83696
93842
12376
20372
42875
90896
39605
15427
32855
3126
58413
31642
90976
56143
21447
77935
8682
38844
76910
43828
18068
54788
76943
93598
69499
94781
59934
1305
38606
22263
76766
42850
61316
12351
18056
6328
10560
6354
84992
17511
8527
21179
47203
42959
42826
47132
57464
33343
8959
84738
94362
80122
27754
67722
18489
94623
57981
84383
44871
67433
68739
906
48702
22861
77178
42148
73240
74924
5409
5805
38099
7136
80067
32114
9727
24327
43507
60978
60967
25513
36960
59470
76979
67671
35562
4764
15297
80431
81732
44771
46057
6375
68344
17047
23139
61460
97105
73389
9327
63447
38601
56340
25459
78591
99579
83461
32702
29595
86411
73499
74303
27113
95613
52875
80368
29304
23755
79699
42429
25159
93694
31980
32546
41108
21805
38937
67550
46098
26835
45097
56096
61905
18411
20734
95879
13850
64807
88507
66802
42142
87979
47245
85151
858
63659
63875
81128
25729
64015
91108
13597
60315
60057
52359
70394
30132
74739
43247
88473
27581
41670
21151
40243
33910
41684
15049
15407
43069
23147
22277
59663
75695
84303
32043
81537
96860
13146
6912
67292
20968
58695
17382
22964
64115
39316
14658
51075
38850
11497
46714
59729
3217
2223
97955
39525
31390
31574
51812
8433
50120
7538
3890
50048
36047
52883
80279
5841
69501
94283
71602
73545
69980
15758
10664
69612
10642
52283
63689
75157
28885
90568
55780
77833
83946
77589
10704
22484
39241
57035
43413
21420
74707
20021
62301
71749
4713
79993
70530
35247
24262
37156
31910
22307
64523
95078
49669
70955
88206
19434
68303
60346
16821
13429
55961
85687
57588
39956
15717
91780
98064
53524
60133
81742
45291
95922
22295
63724
57242
48490
63594
97701
12553
78104
79440
73871
95097
15808
7471
62092
62628
69148
92387
45629
89195
39254
82689
48576
49276
45765
84454
27810
92108
37688
73016
34894
57022
17863
58852
24706
94679
73014
15451
28677
44709
45807
39815
21380
87594
17677
73562
37118
7142
32954
88920
14334
21990
77602
27755
55611
42930
58141
83588
14780
78679
84970
99103
46985
33713
8132
83817
87256
57399
91249
37771
51613
92567
12881
82443
83457
73360
55661
68767
59128
58102
41772
57881
61484
55672
23633
40930
38198
33886
74391
35579
37445
14108
78252
18976
60401
87083
66270
5842
68170
72479
39097
90851
71128
75086
99533
42393
38802
53944
88529
8469
8392
58256
29841
56405
97207
3621
45491
67785
35201
33384
33011
32494
91894
98035
95664
71828
28721
84723
74515
39967
70168
79039
43679
3569
1997
19338
8869
57203
20812
69427
83753
38976
46414
96997
52702
28655
83543
66662
80959
50236
93963
81966
76554
10922
38267
38332
30237
671
71251
10024
66527
36052
58093
9417
64660
26730
92171
58328
35455
74000
7873
9057
55406
91877
64713
31188
27450
11073
99
96375
48043
16387
1882
77200
87796
45146
33664
75984
33735
1079
29793
97968
48033
20852
67680
32254
18682
45592
29739
44285
64271
59135
14473
82364
14740
2857
22400
64147
70497
58767
90769
45458
28309
90901
18059
44331
80506
29164
25102
38114
86265
26089
27938
37787
45140
97078
22586
58095
32339
3801
67640
70615
48471
67949
75260
51395
2615
3044
18796
61047
74409
20328
64709
21977
80879
70268
91644
18667
75150
39916
95076
48031
66761
35213
15223
11026
96737
252
26989
24456
32196
73885
25018
62143
94272
11198
55213
30947
80850
71448
71981
72379
9456
78611
64670
81269
34483
59577
74158
13108
24308
89971
77867
63273
5861
53165
84852
91544
17619
23238
48037
82370
98426
7794
36631
97618
60390
21226
26451
88030
52625
80791
4550
28608
73101
6860
52235
64667
73942
59236
40308
74632
77126
63335
30649
13775
79494
28112
87278
23885
2828
34046
9136
13068
95699
11785
30640
39506
40677
11395
26243
99504
29325
90671
90776
17253
67043
44930
51961
84824
30369
29426
82760
76409
89559
89759
71923
44005
53658
71458
2460
70413
32870
11911
41347
5949
31078
65891
86967
74305
63391
97336
20878
28423
39334
65343
64214
43679
79996
16662
54990
94870
98049
85617
27498
84378
29302
40858
16819
13124
48382
88995
93601
76364
48914
87576
49576
87100
38617
41427
59602
95289
64327
57615
26742
3268
83474
25359
81799
83651
91823
56317
61657
75373
13518
47643
95481
75007
87812
94765
52358
60094
79105
44296
42382
45858
57347
96587
27556
38902
59195
22203
67571
12231
12455
1888
34542
3930
29511
45564
15285
18561
76153
45639
66645
19544
56273
1910
89525
56241
24136
28814
57306
18144
84480
45988
77325
98810
15584
28587
47211
79021
69241
37533
97086
16647
22624
16957
15546
55478
26458
16655
20933
83529
91984
11301
32095
32431
34022
96656
42102
60191
19618
44011
16450
68944
53194
57521
22471
29487
60984
32709
57038
73371
50282
61163
14686
74342
48875
93164
68963
71438
38982
19428
69300
5469
88156
70783
81305
90143
25781
73400
4241
20288
54772
15826
39543
16714
96569
34777
58790
3951
50401
972
20284
77941
21941
27446
54970
35419
17192
48173
41768
863
99007
28875
6448
98440
30949
60608
70526
35669
17562
53049
77937
21007
78951
2205
14261
77702
91829
46515
28185
93462
55725
52856
56887
41226
1780
90630
20076
29408
39749
27610
53675
9116
9733
61494
66674
9694
42877
43263
48938
36690
84392
15267
17070
74417
64881
99944
62021
36293
10230
76142
98276
93826
46637
54952
15240
8578
7488
92732
5130
33189
85297
91750
65598
57951
78484
6927
62216
72982
19755
57580
10702
96054
82014
3809
87564
39497
26137
20221
36057
71760
49164
33150
71974
70138
79305
92915
19393
98336
44511
84661
46387
81683
4645
9143
49711
99595
77083
31056
16491
89502
74979
72274
29448
52752
81740
72811
15972
54906
21884
17287
47579
42083
44077
18192
64477
71679
69014
52410
70059
8853
58230
92327
93122
15695
57065
7940
20245
21045
54343
40560
11701
30596
55565
12879
55086
64581
44268
71081
83752
48305
20745
59391
47864
80999
90484
31298
12650
68198
51625
36902
46875
83097
18103
60528
50349
24012
78968
42837
97628
48648
93265
60003
81910
47192
82959
90701
6206
14347
67015
3800
22407
98294
38655
94582
94907
78638
97423
39101
35300
59723
24015
87430
91025
30603
21877
22196
40334
86233
19813
13097
81249
99269
83886
78262
36087
48117
77272
78326
72151
73784
7174
93263
35015
93710
68105
34574
74710
60157
2221
81121
85071
4246
82237
5686
56600
12981
15850
19669
15273
64183
98844
63070
51181
18529
11655
26809
63771
99002
35612
8212
50956
84823
53414
1374
77475
43614
38642
8357
60728
84290
88142
70251
99984
82616
13735
44368
37009
9246
13006
78720
88071
22987
63880
92647
52407
56338
80766
15858
1119
2087
85069
60773
80349
66792
83980
41677
56627
57321
9488
20075
50922
9054
67214
4216
94747
54166
36100
37073
3851
6616
85736
15311
71695
11068
81800
34808
65557
95762
3909
31605
57656
26794
2240
11085
42621
22973
22012
41168
72014
62113
3686
63358
89878
38159
52091
81800
70238
57341
42282
41079
64816
26906
90365
41932
3135
40224
28735
28462
8802
64567
54997
8570
6571
23532
77991
88819
19529
57387
37030
79277
1866
7666
95053
98191
76745
39281
76247
20288
75123
90860
73091
13257
36739
95411
78003
81387
41586
38138
58622
90935
77763
43148
76128
91420
14420
37218
71022
96077
44033
87254
79447
54061
75291
84318
4625
2455
91898
33808
94461
42235
98716
13125
64223
51958
79466
36715
96292
9982
93860
46049
21049
31073
13348
31873
40772
66662
29275
72468
22723
14417
32720
72284
6652
266
42670
49506
73948
9416
70328
68671
23071
55314
72001
19233
43846
22324
73994
72509
47098
79895
76010
21626
35640
33380
69594
85289
30482
99352
65648
54812
7829
84620
47896
30127
2678
25098
21048
10948
98525
6405
29324
22269
5536
57331
52759
77229
86791
45117
69519
5179
29098
34525
80390
37630
50959
44852
92517
13358
56368
62065
92958
31338
12830
18707
34642
69893
17963
27101
78172
35515
23918
12147
44781
40859
37707
11486
3577
34440
41609
73153
94487
29282
86220
70825
44258
39713
50164
62218
92372
93653
14488
90381
65194
85665
25548
60355
73902
9305
90954
25663
78733
64883
4243
10118
9914
33432
11939
86286
68454
27749
86485
33828
89990
91106
52380
16713
4252
15244
11857
17793
39862
13577
38787
91276
77636
18424
65583
31655
76934
55900
32720
74307
50736
28347
27197
7199
39229
31629
87266
13389
7482
97700
74059
17506
46081
41176
60540
43137
49771
9991
87531
70626
5405
1137
54098
19714
99920
83632
83338
55844
77458
21591
42697
10037
24997
81850
16067
77205
55605
49762
75272
41883
27654
5156
50309
33841
89111
65734
2799
27158
70388
85506
91380
87911
52453
78954
36453
30197
38926
74186
98240
83363
70303
78408
89751
22304
51605
56097
28976
19336
80032
48043
35372
51846
40906
32553
88874
90022
77833
28415
87770
85789
19911
77200
46416
15681
14001
60299
18768
54081
1120
98114
30123
75426
4346
28644
36399
44772
59215
53775
97461
43880
51672
84201
37735
44514
21283
37401
7174
74062
55759
84321
31439
38688
44786
73768
49610
8986
27123
10448
92504
35970
89188
65060
88310
31785
52
27756
78235
4586
79178
71722
48385
40622
68713
16486
14719
66881
29677
51266
38468
50596
608
87856
70853
38030
94538
39454
38157
41344
26961
36366
35128
53825
77878
53358
12311
21531
78170
40408
94568
87013
64214
33401
39268
93366
28260
59108
47385
87936
56388
2335
72921
16607
30748
70511
49998
60939
24244
48997
35492
6815
35937
99007
79160
84907
47855
86236
47676
71313
22579
17148
65624
12770
21869
19532
67197
56307
21706
82222
35376
85415
24936
73227
75893
31879
6570
64494
2110
80868
88883
73915
86653
46683
33159
32980
54254
31923
43025
57853
75621
56394
83018
67885
25348
30999
98111
22943
11309
61511
28954
74231
76223
63557
33013
9523
85286
45386
11241
62151
63704
76880
65001
58665
75129
84425
6060
19781
34327
88790
68201
76582
53664
83670
89458
42017
73255
28990
80382
58154
97808
59053
84482
41941
21049
17735
25041
60947
343
47487
4485
87436
6371
58012
17758
85298
59339
13577
81400
2160
66288
52034
13175
75902
58952
88502
81515
14598
46987
92515
65907
86891
16579
95355
83032
99289
92335
35121
76811
12420
8051
4144
11879
36613
54401
42346
24527
46538
31679
3258
99768
43914
55236
71745
49902
83890
37328
71528
74056
21690
25148
8184
41375
46905
693
54823
3756
39736
45829
49444
74160
78757
12648
76728
76520
84992
54517
60391
18972
28313
41056
74969
16302
18163
49052
14285
65750
75330
18978
10502
80842
83790
53349
78103
91345
12812
86836
7780
93598
43349
24221
57021
21014
8491
70216
10639
93882
8511
34931
42912
28093
11246
50448
37262
53782
86500
55174
30117
95316
59269
18796
46149
19753
12665
64989
5386
42523
53370
215
88259
94697
55335
62459
3105
3757
35219
76499
28692
46134
36979
85076
706
79206
81763
35574
46365
2126
85462
85983
90531
72695
6594
75897
11655
84203
67423
95743
37764
33701
44281
47000
21172
30105
93482
36934
66465
56791
45083
60372
1918
46581
44335
74431
34815
36912
32293
14879
23849
32193
89805
18300
61200
8287
68500
56663
16612
5652
73556
3490
31021
88081
46353
65708
88980
28517
67237
45623
49423
95702
23510
17924
82183
13231
18777
19392
10999
5918
92507
47432
19883
83820
56155
34574
89927
60910
91776
58727
19513
9896
30776
96025
94921
62344
34615
46340
53875
35991
45471
53494
21961
78334
60584
46618
18559
80597
21698
28612
42350
84273
72094
29565
9178
78867
23605
85525
69544
34164
48163
88390
12891
88179
89863
99035
87646
85018
620
34787
53309
42535
61175
30538
83554
38130
33846
75445
41155
75186
24856
47636
7814
42191
61727
37355
60565
1076
15250
51049
60266
99999
13769
13786
87282
35550
46197
53269
61513
15655
67611
71285
60605
42478
41847
63139
61782
7860
49605
32196
93910
88744
13828
9197
30516
24405
61753
36164
43771
53630
10782
12592
55170
12854
53751
30238
47044
97365
42842
19932
68297
58871
43814
43698
76107
37682
98610
85230
54057
93833
34200
25287
72633
39293
99013
32208
97847
25197
16373
8546
57549
24196
38931
71742
36829
37568
74635
3673
71244
72978
13675
39890
99594
40595
79421
5415
72264
59660
46789
3202
92505
88537
54364
18292
46971
36973
81879
88081
37983
99160
33588
34220
1179
92446
44059
91869
50508
36888
30660
61886
51445
7672
52113
14378
16073
54527
32515
81989
72140
84556
49336
16746
90916
19972
2903
22112
53886
24612
44311
2390
57622
10783
47796
17051
40257
23629
15458
16679
60751
47157
73907
90140
58498
58462
26630
73019
98690
85870
99519
28828
59432
61279
24152
79122
10836
13930
390
52467
74011
21550
89745
26420
95920
43065
91367
36940
89135
55188
47120
93908
23269
80016
94136
74819
37970
24899
4240
58271
63703
77281
14409
67889
95868
62244
63763
31973
6192
41555
38955
89945
33775
96554
94663
15333
55486
51330
81496
10914
37529
7960
67303
51517
24812
20458
19471
52993
833
7156
26409
82837
3201
64831
53014
10798
99936
97063
44662
36526
45279
724
32209
11047
14854
73039
16240
56172
11993
6084
6585
27176
7771
3505
57993
23877
27166
10817
86477
99548
1103
84212
45474
6737
76097
96950
46005
76890
46720
42243
57698
20639
62274
2333
31741
63651
5799
67655
49010
36251
75934
46707
58882
47296
4755
60415
50982
73054
63815
87125
44231
67198
13498
13208
97166
13131
84847
8768
16504
72119
80801
31649
65348
86185
70895
98040
57519
9075
90313
18291
3201
65722
38886
52786
36220
81348
29312
69373
6941
88031
61206
8875
9749
3836
99126
98740
43064
65492
47245
4052
40371
83841
10143
36446
17553
53113
39483
43787
91497
19279
61741
41203
75603
56426
78062
55366
88497
771
57781
85294
74604
83641
3089
15202
26440
5531
4449
60273
76947
88021
5782
26273
62597
30740
49255
76234
54446
72495
25798
406
9736
68395
95078
69665
37221
27165
61950
48757
74769
2092
80198
28666
43656
98328
57662
70049
70313
11546
36907
80882
68408
72537
80503
13289
86100
34045
90260
3992
57349
15485
88430
6252
69167
43687
52172
93603
66215
96647
64934
66256
3553
64112
51972
74273
60721
72285
7865
74132
41073
85880
46557
42256
92807
4396
67339
85111
10719
50936
95654
33567
28198
50327
6518
23494
61905
18997
35969
27281
7222
72756
71698
70288
92343
32436
3082
44056
97512
20961
76547
84750
52208
93052
93513
14934
72998
41666
17278
87301
57296
69930
66503
90372
79204
63308
73251
34310
54013
99064
1395
71985
10321
13204
66723
83733
61967
83988
2350
34312
87034
90954
61535
27459
64322
40290
24709
7252
81338
95701
24255
63294
56292
87462
50625
56688
23134
70170
50494
69934
83706
21014
25275
40135
76920
16676
46448
24292
75825
41220
113
22667
72375
49775
40854
64070
43390
33391
68847
64892
3522
61797
74346
37905
51072
87072
53081
24744
95315
19976
84243
77112
40262
52394
23955
54662
49910
2793
98492
85489
75844
56767
74827
52415
51404
78752
74223
61783
67275
82016
8124
34971
58302
68850
65193
54881
91246
19930
3048
86928
26245
98054
44804
59000
76197
10911
27611
28778
33319
54612
23970
56781
84071
72114
53323
87065
81131
70801
18251
53130
72887
61701
7687
71874
33487
73083
41303
65212
14522
26423
76821
53633
59944
3592
97776
59586
94464
81779
86921
93825
3494
70171
47322
18046
53813
66744
9063
4910
86903
82549
28688
59343
49324
58179
25297
90535
4335
89680
76387
43117
49775
86925
12468
279
71091
74794
18411
58461
57668
95932
32883
43547
53885
63034
34469
40501
34556
17855
98417
25644
16784
42120
3799
22538
9964
94801
54331
35047
47266
33676
79476
70100
34910
99187
85502
85296
48281
21666
64645
513
11582
21371
2857
26792
84130
29457
31129
46792
83729
3439
81337
5998
84240
76303
84105
58398
78181
81376
75169
69778
5968
22628
3101
1161
66003
37632
54647
56360
89918
26022
37575
23087
33185
74156
61856
70987
24393
34836
43528
38396
34716
57017
80458
46610
6037
33395
91658
4749
70737
80713
42603
55560
5922
95412
36747
46247
99368
9674
29034
92096
49770
9684
28474
64992
51480
42399
3603
2834
13885
64623
43124
56294
5602
78450
37157
9425
92034
1839
3174
25033
3924
38353
17147
84136
90276
91508
4132
72887
6333
611
60428
34996
83645
89077
3985
60917
59809
6897
26158
31761
23187
71639
60632
15034
1406
96503
36425
40002
19016
70659
45667
90476
79162
50960
14092
95494
1900
3547
89256
27059
32726
13705
47372
45076
89784
24818
87102
17252
28858
77562
9825
39846
73645
29382
72676
47379
30251
82941
4041
89977
6428
24805
22626
86813
64069
62161
57682
68968
85509
14384
88966
31344
18299
13201
95353
25400
43823
74626
72093
75185
61376
36862
88402
90085
66812
2068
98565
99162
86990
21834
20203
73093
5515
68571
6098
69659
97121
51277
72716
5479
11841
21715
30505
60969
66982
85787
35245
2185
22935
36207
25921
73208
62066
38550
97323
28918
30630
67553
34035
52773
86034
80646
78773
8944
37200
19130
93160
44934
75367
36091
39210
92794
3177
1800
11024
1581
30264
54609
66412
4643
42968
34748
50660
2013
98816
56475
87323
59417
46428
6459
15276
24969
70073
88433
13426
31212
48516
59843
13253
19319
81477
98335
30046
75230
28988
64166
4572
55904
95319
90055
12867
66691
36729
19559
62506
76062
53772
20932
92896
18294
67697
68894
46886
98496
82204
88522
52164
45766
42655
7142
54606
8001
65882
54291
41083
23748
36500
74220
58738
98753
72975
99332
7672
41063
12627
40892
61957
68390
76019
40519
86821
63288
9898
31021
25850
38603
51374
762
60649
6353
19259
65721
45920
38614
44102
1900
96023
2025
45618
78045
22678
72777
42055
61390
973
22862
89975
43470
69031
15394
14917
67967
79390
4221
15869
29922
4474
94149
95592
8287
47885
75251
10842
27607
75751
68951
12382
65501
89066
90020
29500
11770
46665
45627
8413
53329
2598
46880
17409
31368
90838
13636
23773
63674
62574
8745
18106
21850
41240
71867
56457
79285
78897
69619
82303
96747
64310
35388
81975
82188
75942
92198
25537
3676
73494
65978
31888
63153
19974
94370
36655
5793
2874
26040
36334
53286
66712
9398
10810
87985
10864
52127
98608
98582
33395
82648
49683
14325
44944
98559
37963
61693
943
96387
32384
29937
51420
78897
37026
84838
55290
15457
72510
8629
58648
65234
29318
70770
2903
93230
58067
51448
79224
31714
57262
26305
77745
25489
85375
84973
69997
30772
70261
78431
91245
62155
2956
65224
44897
91102
85865
20770
27794
62236
44597
67387
37960
21453
84027
55345
52327
18091
68236
4254
29240
25875
68178
71208
87687
56277
36516
92452
32142
74509
36791
38615
13114
94215
15026
59661
92680
31587
88704
60740
82169
36801
94286
98268
79866
33663
32495
13504
79888
78630
83845
70855
21326
73899
94703
28357
27759
43200
56435
48172
71945
22568
59588
85821
3478
62518
18173
87739
26735
62111
3240
12690
76195
37594
82270
15191
65015
46854
30446
73432
75184
16639
49371
16090
79756
46009
80080
63116
21547
94803
87804
33507
2506
32583
30534
32387
73735
181
57782
68184
86218
21443
48833
99258
30374
83981
18148
6049
66706
32363
21061
25692
87520
86032
21216
23022
88473
850
52465
67083
34486
47360
50208
50231
28556
42680
40644
33040
92678
91953
36663
18332
38600
37701
11719
759
66649
20218
9988
40801
99971
3246
99844
63682
93254
5807
43583
62188
41153
1552
20263
73633
86047
23998
83110
34882
28382
38040
33795
10260
2139
31242
29560
49268
83650
27184
35600
78258
828
46157
13251
83872
34431
9187
41975
20964
51896
70901
14521
82402
52954
88979
65963
9306
40695
13766
533
7017
53906
64367
35506
91929
87151
99473
81594
30910
89864
17906
72754
14642
88380
70338
9981
98114
47480
3233
63297
25010
13866
38524
14145
64639
94801
55029
47196
24062
72589
6293
6165
47062
59161
60572
40312
94613
71930
97833
64728
9601
84232
54739
38469
57618
18154
52861
91511
11737
43074
65336
11882
11570
96509
89390
24647
51761
63996
90803
59221
55530
49828
25525
10588
14946
65615
13690
29035
35548
7139
53418
29709
44343
32836
17894
57535
8880
92809
74292
32853
40624
56856
58538
17627
5321
17492
53987
5880
24513
20709
18412
32796
46259
44336
26372
37505
28939
87145
67163
15951
19059
91411
82380
5527
89488
41637
32226
95056
38065
82930
97636
29436
63255
99275
30859
95368
68607
10211
81547
12118
24960
87956
94117
13917
74384
87416
18276
67697
39126
40236
68257
83511
17329
67040
71062
98947
21241
80880
57165
76499
52664
98701
81985
54235
56186
65618
26905
95763
81555
73676
12312
69007
59115
28233
12962
32523
88864
47899
80197
76395
23151
8602
18373
25600
21584
36197
22167
49220
67766
81448
49539
51843
18896
20854
59610
4832
80658
70653
62930
14419
25974
45676
83642
28233
43722
74839
16174
57983
71577
93708
75497
69970
11745
12016
90689
99720
74316
40260
95087
26730
13384
93296
24116
41084
74754
69474
97051
75267
59080
820
72778
87304
51139
55972
8270
21110
81714
96789
50678
95950
35304
2126
63628
26715
49893
4204
95788
20588
4663
89072
67450
83617
99338
70221
70439
70848
81791
37021
49393
36788
27578
79871
91407
45182
14698
58572
49923
14831
18038
83706
99284
47247
89040
25155
90920
90522
92382
79359
75827
72404
11191
61295
39279
71594
67855
19725
40159
2188
46939
29293
5304
88340
81169
61733
11778
8105
48855
41426
78082
94825
84008
33790
12037
21740
35959
80099
96401
46327
94754
56378
21134
34300
53288
10150
8648
70217
2999
53077
48797
28752
59438
14973
51095
15015
28203
66372
26180
83154
5305
16667
26256
2795
62591
23627
17230
94633
922
91594
47516
91597
2546
16839
13425
94532
44542
95069
79822
74124
30922
94140
68807
11512
4282
97867
51112
99150
58621
28138
131
83076
53834
34517
780
32314
65797
56447
56176
25060
27833
34774
97050
88791
74998
96752
38311
92250
17668
88218
40085
46642
22962
12669
29791
39487
61248
33582
44475
36476
81422
88706
71871
16486
70073
11189
48163
19440
51177
68530
72238
15384
50620
14958
48219
24251
95365
53228
68311
971
705
66297
79522
77987
61358
72293
72081
40829
32973
85567
51175
83730
10570
38813
17994
99970
86338
99545
33458
23829
45699
81757
7116
4550
15482
77438
48412
41154
15713
978
54150
48639
33434
26006
60353
25164
76193
57561
58236
62561
47015
94948
60310
715
89003
45370
5725
46411
80167
93793
47012
97020
74621
93431
35871
76885
94239
95608
68731
14038
69426
10266
74676
67409
97302
27686
30558
35118
17723
74609
62480
92003
73304
82590
37054
42889
51234
37933
34768
86208
26472
81518
49625
1551
65881
94689
94152
56971
28230
84221
72682
24838
52856
58254
94753
67314
7165
52201
33837
69859
57952
63734
56854
44237
92823
78607
33838
89865
12118
84613
66205
25895
32524
34759
2908
48789
33606
98245
58656
27028
81758
12443
40207
66691
56343
28384
96515
44771
81064
82000
78772
52592
77902
75262
15097
78266
6276
21773
14198
71342
89424
61256
34233
28096
55602
93730
13596
49554
24818
93897
18464
79631
5347
72588
55899
87637
12286
78145
56480
75281
5232
47897
48800
69691
40789
72069
56282
75499
632
81953
23892
65456
47937
59906
86538
19999
19439
51350
7622
87281
93204
15329
41072
59057
77187
99063
19323
65675
73443
5992
36593
31414
76368
52677
23601
55287
55957
32261
80536
91459
58412
57086
13132
48411
85233
11240
22570
68977
42168
96385
58796
31535
81122
31447
94681
38407
54735
23786
69315
45448
69541
72443
95476
60431
43196
84135
15377
36526
73442
51394
64985
31081
33635
22521
73532
26181
91222
55103
24280
98883
95961
32006
43401
52515
5968
98321
17206
77376
18099
61239
79490
55115
89228
43261
6390
67383
18319
66916
77820
40860
14843
88703
29507
4872
57462
89311
25591
30386
42891
19019
73802
2182
48708
55908
50218
85580
14898
24001
36152
13159
47551
46573
51619
82111
14747
73095
55989
69287
85901
78875
92735
59148
47551
81977
90403
75174
75042
44230
16383
62128
99710
16879
40885
24796
28006
30328
36284
78023
69622
89966
40434
82092
80863
49941
56417
85689
3752
93758
88363
98342
99572
38503
40970
37222
76875
26792
94291
90446
45342
2549
84863
58893
31155
88944
90235
89484
28163
74830
21567
91698
54835
80078
95766
87511
97976
44617
98965
46377
24267
26387
98504
1186
89476
31731
73682
70744
27978
62250
73547
4152
61542
68260
76603
75921
50487
46600
8397
59749
20477
90699
46130
78581
27530
84517
73663
3844
3409
42616
88128
4584
67170
39469
64785
11538
94988
13859
8532
60557
2909
55326
15701
17399
21505
28586
51090
61166
28971
44577
96140
94767
40672
16724
13270
73396
64628
8247
18206
25215
83267
73852
27318
54836
81312
4219
16379
44776
10898
7149
7260
75208
84057
76148
55437
16460
8076
81083
16182
74103
82397
30771
63774
10783
1113
28094
22848
26532
45539
72543
51378
9449
91193
61308
71278
59060
92718
58426
40050
13427
84485
84088
6585
68550
89377
73535
48110
87372
33585
557
64614
68039
51002
49217
26046
42314
88799
51086
63374
24515
6389
33298
68206
29917
84668
21977
47583
52229
38593
41602
50617
43683
52885
90479
57275
7021
5794
38178
25857
56653
87232
79747
15715
66394
56874
92652
77799
76620
43441
37175
74085
13092
41750
40537
24408
34671
25532
89814
58700
70408
28117
77060
11995
3657
69271
67267
38307
56137
12142
44690
99237
40440
4204
92576
1610
97691
60215
88590
29592
99616
96
90587
14270
55601
99199
6457
9527
1460
32196
70357
71199
35263
71059
54861
39496
72362
13254
78925
89834
36412
1002
96308
1251
26395
28718
43926
8898
3359
38226
70540
24994
46736
21048
35251
9122
53650
8494
37369
42340
40968
73694
26472
58091
36425
43374
69407
27053
67449
58835
77165
55417
46461
25850
76054
67798
48888
25424
25442
21845
51737
89895
41502
12915
98827
49097
5876
28862
82718
7424
6387
34958
38737
39012
14058
85666
50064
22458
29755
6364
65005
44921
49706
1834
25761
68201
24039
90893
34572
91178
22160
20046
82484
52639
89560
24713
49710
97454
90399
84915
45774
94021
97354
60116
86578
2111
98594
45509
34130
664
56448
5944
44678
86311
65841
63851
44523
20586
63485
61493
67908
68214
70145
30966
8352
20716
72784
1871
42467
98419
46729
31396
88354
86199
66087
7287
38426
83531
69816
32555
38298
69246
27566
35880
56617
44042
36105
73250
73263
2132
57942
91495
30617
3085
33293
23689
39660
93097
71703
5314
92857
72246
75684
27766
97911
96294
61297
23299
26761
81217
77093
84728
46196
80267
35741
53820
46507
2779
81555
25160
74846
66591
56606
61193
75635
7405
16070
68709
28513
29842
24846
31311
92545
41843
27720
29481
95802
28873
27158
68992
95882
84992
15066
36804
28753
221
2306
85764
94170
70520
16157
87268
50039
81270
38503
28624
24036
64594
33989
4513
41898
53390
90479
59604
57696
81043
87374
78546
56834
9964
47603
55141
19932
36240
87906
15996
77297
52413
23608
16151
84715
45117
43974
36490
51921
4512
81928
7315
72497
58222
82076
36271
8442
25184
73604
96504
29674
12584
72815
57231
96910