98373
49915
57395
40000
17267
9945
72878
47201
83429
5744
60290
65264
21143
44645
91888
38492
87553
6580
14432
46930
89513
93562
70495
29748
7280
71838
72463
47735
64579
86280
89789
28159
66918
13234
59453
19421
93041
26320
62003
11891
67820
68403
525
18133
49872
85919
42399
66693
84659
9521
75474
87206
77384
97428
16016
76603
31720
3078
79088
2039
94611
6378
73365
88737
62912
46269
32251
62711
89590
80300
12585
83198
14985
6040
92702
30785
78392
71429
56957
6196
61828
30094
89281
40139
39662
56212
35479
27470
80240
72463
16212
27401
42455
40481
41289
80175
56699
91836
93882
51138
15641
47578
37953
71516
80020
46424
61107
59581
90129
67549
79829
63661
25893
72712
23581
44590
32879
47592
34109
49793
5651
84805
46190
71768
78211
2343
29455
4936
43950
10888
1216
8938
1353
79108
68239
59083
28889
98140
91596
29582
74795
51975
92516
69046
48020
78269
30216
98577
70264
33418
98021
4972
44088
59196
73637
38282
47291
6473
92037
89692
46745
23823
84686
5876
95035
67631
55321
42885
85908
54149
93278
47897
55268
64434
58207
14663
1368
78471
53798
41829
3302
18535
1552
6830
90062
47977
5481
40757
97943
40921
35564
51812
17925
78141
50545
5769
72484
38137
9727
40972
48009
74646
3836
48707
37524
30756
64824
32448
43267
74211
96646
14201
1070
48542
38548
45867
30259
93917
62643
84371
54387
98651
87379
21832
81829
24023
32556
97310
5706
18715
60484
16168
10580
13373
12131
56155
73572
68813
56485
64120
12528
37992
6050
96460
12461
55284
97513
25445
88442
62778
40358
51358
92307
14742
92383
38456
95859
22493
75722
45073
63868
60345
54079
74494
91286
6728
57626
13599
67105
58462
26256
98283
24202
60884
40620
95214
73479
20072
42197
91428
61556
51307
12649
85618
39417
62852
59313
14379
82949
32206
47108
93963
97243
51124
86818
50379
24410
66254
29134
29735
98768
82945
33208
11518
28210
47405
75136
16685
82815
31740
44077
58065
61067
70558
63168
23421
74695
8857
22023
34463
30879
31334
36557
86120
91907
83529
21280
65898
85272
4999
85336
80131
3033
24948
14000
89555
89521
50546
62910
54063
56669
58195
37227
89260
11326
16493
8855
5431
32740
97149
79402
5393
66108
62872
6502
84609
67131
66408
29010
9138
54516
21546
85930
15149
67598
40780
88058
65943
51518
59566
55859
97352
41915
94811
41842
76789
60346
36340
45779
49939
65767
92176
41349
55567
36167
77589
80359
68114
29322
84785
39265
89963
39018
79238
48341
42824
33807
57944
2113
63501
90942
43317
73917
4987
73478
97806
26199
15550
2188
65704
20370
84601
52780
94899
85633
12931
62283
24719
9380
8333
11255
17315
85560
46664
63193
75331
56488
57067
97546
65238
78036
85
75920
42730
28826
54697
7317
63966
24260
11115
71214
94123
35040
54235
7211
56443
67185
65536
52540
12479
23579
7794
29809
34832
77214
29249
80944
32183
97588
4255
49053
33976
91434
28876
40161
69843
24842
72918
90488
57382
94508
64788
15846
93761
31834
79409
90854
79655
79952
59988
16626
82153
64020
8561
50311
21581
43181
43712
91243
2905
54209
73120
79959
64794
91184
32086
92981
70797
8261
72236
88539
99536
80547
5450
74673
99842
2485
82627
84550
53651
70742
16321
27150
98778
22684
48760
44480
30583
16011
81469
38379
85207
98964
87056
51928
5796
38533
11106
73252
31780
55893
54994
32047
34637
53631
14757
78064
77075
72182
75600
77502
87674
39203
38714
31785
17429
29705
63441
42687
1992
83784
54168
32752
27810
40332
85505
39424
49176
57521
97424
14444
83252
2041
78721
35145
1248
98387
75725
90004
86433
91562
84241
80719
57853
94716
951
51433
5458
52417
99813
27847
54637
25133
81286
39236
71804
51828
4903
62900
30484
90496
94397
76407
46260
16522
71720
6814
22971
64095
315
57155
67371
16111
54579
79374
79358
46592
25848
26525
77658
72850
86028
76283
33605
30296
66185
18021
62225
75369
19649
80727
1489
98964
50028
50878
76065
20818
8209
8876
53216
41003
330
80158
81992
50074
25480
36203
16919
66601
18993
17684
16570
14808
55569
71084
28778
48605
15844
41211
44827
28513
90939
4045
84675
96536
29903
72895
34494
41925
87034
34786
93963
27004
56980
44336
90005
42139
42467
18266
1348
41065
92562
84026
56036
62901
15007
65541
23077
61638
24606
9453
82459
41582
74790
90737
59780
90146
57053
5061
86416
28433
99940
85055
69171
17759
79740
17193
11918
45287
53772
56917
12750
49628
82332
21130
30975
59189
86569
19748
95138
57162
65920
79427
60657
70314
94078
79776
66390
72928
28271
66894
98328
24867
86427
23913
73055
66986
44031
82827
73369
72411
34567
43767
5005
45718
31208
89691
46819
17730
10577
64237
58069
56703
43201
96771
23768
22240
85410
61554
94966
91919
37146
40753
76026
31635
28177
63738
94534
31116
48789
32689
73681
22985
80572
48590
20517
53695
36046
19081
81598
16590
54989
80582
59741
73288
5973
701
37562
58149
68958
41464
86317
9956
39133
98468
73076
80314
3301
82133
30348
65671
67930
15736
58043
95185
72927
89997
34670
53008
56771
50381
71492
66408
27948
5384
64394
11325
89569
9948
96413
92662
76563
21912
71001
99087
72645
47392
70849
36327
2859
90745
54107
15383
54967
40194
94734
50094
50021
74239
55163
85685
9781
29492
45154
87206
1014
59543
99584
84156
40783
57177
14735
71325
17665
6167
478
19849
70527
9390
31420
52893
28640
89290
6148
43785
48547
52455
4417
23100
22743
55805
24693
59429
19707
39053
25092
99812
55905
19664
27875
73764
45527
43110
20289
66749
39138
52487
58504
30624
20371
94448
68444
82650
52594
22214
34325
51452
2358
94125
10437
35984
50446
96170
16030
36932
59235
77215
34542
69144
49388
10520
2468
1249
21749
16552
68300
49461
26480
9079
70909
95081
46431
21422
97518
65895
68597
89791
79966
30869
40651
70273
51021
39199
45577
31619
63109
50460
81704
56015
6405
98879
11811
61980
87146
81942
21057
49715
76056
33820
19658
15672
95943
76689
55639
59777
88410
11206
13140
68373
61292
83521
3020
64933
9296
80782
99579
44054
52292
70286
31211
75324
85973
35292
77723
44222
66748
25752
27867
26086
84676
41799
86051
83346
77456
33888
8778
99628
19309
55481
80496
16448
17338
23983
69442
49351
14651
1321
58298
50518
86390
65954
74068
60758
66546
14814
34140
69636
92599
65679
5104
63813
6476
11249
36877
12102
80917
5001
32046
38269
35505
92000
26694
41390
58650
76669
94544
8349
3106
49068
71688
47677
10425
56880
58677
62329
39349
46662
75622
46314
88606
64422
674
62213
65500
85499
13676
24682
11661
2424
29024
56823
84578
46501
51816
26727
36689
53448
87342
36277
36172
63750
74665
34925
83474
61825
2241
46777
80665
667
56290
28204
89529
61926
20530
85951
80789
58426
23377
90174
27294
97684
1726
65619
92383
94384
87309
73088
20776
40015
28151
27640
37553
6107
58655
31468
14281
69953
79868
58155
90205
81549
64125
69648
66047
51596
21633
28252
51987
28395
64746
29261
85864
880
44453
65479
49395
37119
79026
98367
23896
60965
62625
91911
31238
49582
50933
63862
94666
16972
52989
43922
73645
37653
68063
40725
63352
52168
10147
14980
82336
62911
69726
68395
39706
14286
37891
34879
37951
69002
25242
57526
54674
43844
71323
41311
19024
82376
41297
49623
5769
76354
44421
27380
38716
8874
15780
46943
48414
44951
78532
95281
30624
74215
30893
51942
94430
25334
11798
69800
59666
59452
11583
95674
23460
71134
61618
17582
73073
38438
50314
4901
7055
31668
38832
52777
96786
54091
18556
59548
40069
50884
10344
92203
80210
4148
98515
22632
15267
68361
70889
49289
13464
87037
41690
71164
42613
23864
52010
8548
58678
6264
42135
79754
43059
73244
39683
14777
31790
76850
27194
21610
42835
50892
81566
51308
49879
26230
60251
2358
45626
74038
4072
92995
54555
42892
1930
79699
10785
85981
21193
86505
91020
32230
93703
15981
34640
30312
60799
15956
70238
23244
24468
54840
68269
17858
85413
48494
49514
35205
46103
45238
12516
61035
42862
4578
29991
26376
8912
28692
24102
91964
36578
71579
8408
66814
2170
11429
43354
55625
85677
43984
42556
65305
21219
19558
90055
50444
65419
96625
83952
33547
28433
71695
18835
17948
27444
53361
1477
38499
82569
3087
12147
70383
58524
96313
99586
59354
36913
99420
81581
82788
69967
7286
2256
87190
64474
51901
52041
51609
3774
38158
56168
55360
17320
62906
18446
60245
89541
60982
71947
78950
17674
42071
59839
39453
27189
40075
335
10512
53391
28076
11006
38865
30289
81108
40791
12640
64674
28052
75900
53535
22769
93045
55737
79951
73045
33969
92738
82982
65533
53333
43652
98255
68445
88333
832
79306
30127
78327
4002
24557
35155
9267
4781
9188
56641
63348
81737
95378
35272
46018
87479
26998
4169
95756
63234
68034
91299
40156
66257
32259
72035
58637
55297
78635
82533
36147
12842
700
43907
51344
45678
27085
36454
57900
12002
2966
9106
17768
95685
27373
17720
26466
14409
60797
89207
99764
73097
32404
46032
75332
45202
42712
88554
65754
4270
14278
9449
20093
86867
74866
91822
97653
16864
91539
17107
58010
46697
95207
62637
25761
44195
5317
59427
61169
92587
68660
76394
69680
18542
91754
99106
58967
32872
21839
7966
96816
42104
32326
81918
61596
71821
45777
96993
71431
16037
65128
60640
92637
78511
94576
5659
57043
84431
77679
43384
82055
61483
72200
85988
4351
83250
85192
70511
38931
83505
43089
36098
59620
98278
98406
88641
72808
46379
8106
72456
91201
47696
37389
72523
85545
25813
76780
11379
45512
46844
71569
83244
51123
75971
26290
92751
30674
19475
13510
12074
66268
6627
13447
17026
20001
13207
81651
13034
21670
93263
79582
8937
91232
64250
87301
38117
31552
53873
20411
71859
93128
75760
53070
90874
95528
91153
65770
1003
40527
96112
65296
86964
29390
58733
18269
9653
24969
30863
40099
17983
79633
38288
14446
85997
16509
26393
86236
3582
68823
45642
93890
73121
17468
5788
57456
63627
32164
87650
27527
83084
97752
44816
74549
86246
70444
42388
65849
82779
84256
79286
25161
83283
32195
36072
373
86661
9443
58784
32815
93630
21039
80345
79242
52536
87123
25567
20194
51004
87889
58648
42491
2147
44008
56356
54939
31827
78328
210
58008
41911
89488
40408
15762
51829
29985
78537
53843
14893
46773
87770
75634
88944
348
67833
12335
78121
84904
35632
22648
77249
92565
57493
6918
78754
86503
3338
65239
88265
83936
77511
8503
35971
75619
70915
65117
88408
43446
44989
83585
3724
84404
44769
57386
17530
56037
20152
50355
93491
10554
53622
41787
7021
99555
2976
88680
97939
26838
93900
17148
1457
25437
94603
37671
31651
94943
97190
1620
95046
39983
69295
17793
30357
75039
54739
68985
33018
56746
37989
61221
42920
98032
72564
24633
66195
53827
10865
3357
22764
85146
27003
87313
31907
69577
88949
69994
52482
77293
70954
63860
34798
34208
24402
24303
15207
26535
44229
70711
20814
92019
70858
44647
24184
15640
48549
36218
10997
74303
93381
53001
22455
38135
144
87754
51244
35476
57187
45032
95524
70856
14727
60998
23448
81112
25884
42989
57013
6930
44290
15854
56115
76268
10206
59052
70116
1509
99508
41779
96848
37136
52702
1945
66863
62429
40863
24216
45845
16526
75879
7898
34091
15269
79617
96667
48971
32468
86299
73033
64434
32231
16109
5019
27087
21227
71316
56624
21264
40987
2277
17350
39591
91413
94771
69368
56465
1413
26277
86538
42715
79382
72664
1466
60954
69359
54332
8482
50086
19918
54958
95042
76205
32374
15689
27338
86501
69055
59893
17443
37412
56646
40306
69
61670
30546
59935
47518
43163
7224
52044
69610
9081
32025
97344
58032
19313
32858
46996
60539
19951
19391
56335
53838
74083
78889
82651
10666
53993
79319
85748
9378
53097
37476
91085
80261
640
28489
69825
2945
48807
80901
91512
31593
59508
62023
90840
70369
80432
28993
26396
75227
82145
72077
9867
90604
55828
28979
74647
97189
25141
17613
90820
54149
52943
82894
58738
97145
57171
44236
25732
79109
7546
34651
43562
21180
69117
65473
65294
27993
87750
58321
1239
30035
85007
92376
6049
47633
75891
39848
70545
83498
8943
70039
76496
399
76839
62731
30673
92090
68304
33512
81840
77883
7925
98806
12470
43505
76789
21528
40962
2990
37890
1439
56514
33305
55104
42584
25521
12808
76017
10817
28007
23215
10164
63252
34363
64767
96355
9651
24249
61424
53769
35073
68734
7350
66205
46198
40289
81540
26632
381
27761
524
37344
9817
10595
73444
44609
95701
58323
62976
13062
40869
28178
38932
76207
91624
19073
47988
17329
39632
6138
94751
5035
54121
90427
77466
85748
21266
71415
90236
31919
27849
98932
52078
57198
73473
4734
96597
91728
83324
13388
50410
57644
51801
77785
53292
26963
64895
58604
96210
51747
31704
8401
68368
12564
3402
39461
44175
83928
86811
27246
61965
94750
55942
96432
9787
51872
18727
34449
13931
2788
30675
95076
65547
93871
68991
47557
93751
42695
67076
60075
16813
37054
8054
64778
4974
8217
21789
18096
57274
90946
20779
89921
57828
58673
10176
5735
71870
70597
64385
91451
57900
78631
50295
29274
26759
8698
70571
39874
41629
88936
89796
34709
46115
52642
88690
71379
43270
24936
24235
88348
10068
91790
78473
92353
96350
23025
51045
24180
63368
47272
83068
44132
6072
93532
86578
97685
16993
2144
86658
321
96979
3047
7661
89058
58858
93742
33206
5187
69676
97996
22418
11535
22281
81366
33429
26906
66892
59032
58347
51084
11388
42208
64207
66093
97628
50533
13038
29726
93700
8926
59974
81242
52174
18922
51033
99966
6957
10769
53349
34173
98617
14162
96459
35642
76626
2372
93259
66612
98276
97880
56491
20480
47667
81527
71816
48626
5770
67525
35931
65547
95097
63833
7187
39728
28727
75528
49039
29316
13509
78167
46338
79251
75057
53813
11822
87100
34426
33638
94949
99979
91169
69153
62850
10011
71161
97789
74854
33962
32037
98001
65487
11282
55607
54713
27852
96239
88777
78074
46698
56226
67106
35018
78144
27789
64188
31367
92396
86943
16679
63588
80647
28715
91710
36786
74594
53800
85500
42622
63130
98865
64308
76251
74352
29693
82908
31974
14542
63901
65572
63001
46482
83811
77395
35040
88865
59757
28203
7487
41741
28628
20335
72994
21454
35247
94587
60866
41806
23869
65695
35798
50067
16645
91193
45497
38549
69416
96272
85248
19810
39817
5614
30109
14327
94617
635
28355
22064
55881
8258
65704
56840
40720
87578
46134
53562
69322
55036
22022
85245
86052
90971
57579
75352
68921
45176
33310
13960
13798
10688
90568
84032
7416
88145
78433
29865
90054
14960
79049
8342
83216
13005
8547
44077
95411
66114
16240
1820
63722
12941
24335
8632
73813
41293
41448
97719
62690
69839
95025
5584
5329
15373
42474
31475
13709
85959
49805
28357
66525
4399
19635
26476
56827
9532
9041
15600
91318
95789
97691
67243
75056
37590
90796
5329
5565
8167
18821
5880
6910
25373
27506
6011
23408
67449
38328
97899
9829
14804
18644
47363
57359
36712
77092
2452
56679
27418
88351
90945
47272
41183
77438
32845
46700
49565
17862
41127
14959
89564
57402
7069
5545
47438
31306
41967
56737
95840
56057
42630
68325
39596
38882
89701
8019
39316
14190
86054
53280
38591
43384
32854
87481
19409
42585
54153
101
14701
31904
78208
13731
93300
78079
71271
21691
41614
7967
14450
44826
77113
28633
56243
75201
46137
25552
21886
77460
37698
48956
51395
50370
24362
59186
29785
20750
81806
97978
61595
9584
84736
27259
58885
91707
99137
72964
90846
3903
42010
43237
83628
92327
58938
46206
5701
69148
52356
55282
1047
65154
51245
8388
59903
69196
15572
52283
89821
18901
51964
13105
19328
92931
15656
74018
83000
20809
59803
23054
15653
85363
42095
36036
57689
608
6847
92089
92062
7875
1101
83336
9028
35778
59126
49334
83248
14254
83337
92382
91852
11719
72817
6441
21292
4144
70848
41435
5867
79161
82735
93842
46322
4377
8768
53383
81832
4909
13686
96863
93909
26441
47805
17780
78236
48386
6632
35152
19139
73218
1320
4788
18615
83529
5122
70149
26943
18748
93594
28876
42586
44751
8621
82273
26664
35521
79661
81985
90943
96280
81188
57449
12954
34268
28620
63009
86553
42639
79984
64619
79353
39293
7097
42672
31809
37476
97625
22904
77551
29882
69434
89009
88520
38677
56092
87082
10119
17448
2760
40006
15740
82304
82027
96848
17916
65082
30344
91842
66853
94221
49370
92668
53283
7737
58366
55036
27974
15198
96443
79008
38286
78504
62405
25569
42150
20946
48250
86888
90408
98047
93408
33178
35062
95681
51707
9952
17082
2957
19877
608
92792
69549
47740
40198
36561
28775
28586
30169
29082
26113
92808
28531
23602
34334
72701
15912
49358
53137
50255
59835
66782
60493
78340
95948
76206
64624
98601
16578
11190
25621
74799
54450
1411
48901
93761
28897
30251
69002
26703
6832
87123
88085
82290
56139
3360
97798
96329
81073
20304
73915
47641
63108
83098
65644
22781
50429
9233
70662
98433
63458
16862
9604
51098
86085
51213
70019
7271
84309
88023
40116
4283
35598
34867
75342
1452
18063
67124
75755
11931
26014
34195
93109
55557
82303
81619
92915
9597
29983
96729
92382
92546
18852
3904
61158
35787
83326
11717
92197
27367
75483
77937
98610
45683
87069
24439
72701
87563
70437
67158
39584
42391
61627
23965
35535
72125
55953
71215
56834
1710
56330
7090
9165
61296
32879
38430
40442
37455
50169
70128
63556
39851
6757
5502
71429
77178
78274
88833
27754
77126
55985
93729
30498
28866
91758
65305
23150
21446
33640
20061
12410
16633
4607
88978
40942
61189
2868
93336
28511
22577
48074
29591
6020
45593
75658
55288
53557
17966
61881
53643
72871
24690
81467
69700
117
5176
41660
93718
16762
88064
50904
40673
6881
93893
30698
3560
69282
29469
23692
57644
83612
87494
53446
75266
85444
80969
28567
3489
6829
13200
34673
9731
58807
67658
25928
45191
11356
36663
98690
42580
64237
39225
38770
28159
25940
9404
72313
28215
62941
61681
74599
40817
66217
91880
14861
16875
3421
27434
57007
17719
43622
72723
94817
12623
86360
57827
627
3059
34709
65173
96107
78061
57826
33148
74891
20382
1265
2460
8826
67366
66098
96870
43304
34199
61673
34691
26718
41717
34816
55258
2935
84210
38777
23060
18807
78799
29888
19939
22383
19417
7184
98977
59984
26927
67667
57194
50266
87995
18607
8132
72316
55122
92212
81270
8254
13583
63811
51265
61262
74874
76377
62247
59736
91990
17285
9988
76522
8760
60095
73294
64665
2574
47542
99760
2233
69424
31159
32635
25323
69667
32980
47564
60803
52746
31320
70915
90548
75288
14383
97204
11298
54159
26944
25125
78936
45714
20617
16984
23293
38966
17671
46693
80542
11092
70231
69633
27008
43399
78343
57312
10638
95109
81148
81521
96483
41114
54167
99974
5908
95533
88493
1204
66437
83257
13951
95369
48876
7664
58254
56170
10184
31114
72374
57909
13806
85287
92938
18831
31312
63654
85306
65992
71288
29707
18742
56939
95907
49208
30017
17672
98696
46822
64736
54452
27267
98740
371
35157
83166
38236
21110
28790
50634
22335
75725
26836
68214
55929
70612
50951
67978
6253
53464
39094
39500
65275
1249
92910
44623
72683
60570
72124
41410
43236
62960
61913
67383
26232
31376
26175
38287
30750
4637
81187
69106
83375
41754
47045
90190
13048
70857
63118
38025
21763
95303
37227
8189
82884
20626
48748
88349
58935
5199
6625
31918
39518
34157
5591
58021
46638
56286
90450
32186
89258
81904
64342
55883
60840
13309
10866
52069
81302
45184
96173
70520
284
87473
83382
77939
97373
59642
1569
88305
33602
34186
19589
56729
57942
24728
90464
10407
10477
94240
50570
67448
37939
66313
63857
81175
69903
72605
22169
79705
1238
30542
71142
48395
37706
68011
73849
93638
51374
28912
89685
64950
83206
93305
24756
45065
48895
76139
56898
81963
50057
11670
98622
89551
78767
94227
76189
56836
2770
89898
62309
2218
65692
3797
33646
81990
86467
430
36509
31053
60920
21126
94764
9918
74883
91180
10561
31520
40645
5882
66217
46369
25442
75055
42590
49093
92661
16801
53365
37136
22176
57259
77831
64860
28496
78462
23776
90484
99907
59033
55249
59154
16609
89589
18
11122
81637
98499
36802
37012
39427
47631
86399
41423
24715
14074
37145
99705
34929
49468
4582
52799
2978
33866
16309
63111
38932
78497
31940
76131
14909
32863
58794
17823
32439
87029
65746
85577
81730
14100
49185
58333
10521
52428
4618
75758
29659
67805
64603
55162
76871
50850
33003
86800
86144
42394
36860
96013
42702
34720
96506
1308
41543
5818
83637
30344
90226
72218
3633
52532
77956
58316
31870
28559
74400
53298
94410
89806
23608
49291
99706
53546
31602
86701
97791
61667
31879
76594
86340
21279
1567
46295
55431
87151
70352
75202
18893
38201
94564
92603
33411
76666
36822
52524
48393
81755
59176
83759
48840
51287
40906
38328
61289
61732
36307
17772
74737
19879
43747
30642
31888
55395
51745
91262
50291
2603
84908
11014
99808
27991
55484
84974
11806
76381
17327
44591
55882
34592
97559
83477
1783
21491
2914
68162
72787
17572
42316
39266
33948
7078
66802
84901
29380
8838
30896
69897
43854
68358
25264
20639
7381
17419
40030
36928
77253
11759
18303
2791
628
2053
19025
30216
15870
14813
73431
77420
19437
64418
99046
90197
28074
29375
65910
56734
8447
62495
1284
88862
48342
59731
44938
96278
60564
98981
82221
46840
9275
27610
84881
6898
12715
35771
42083
70462
53874
79909
32506
27129
40248
79667
16507
66012
18936
48838
79090
10070
3616
67606
42437
43152
588
99128
47570
17771
43399
13229
53943
1558
26240
70493
12343
54099
41102
58509
50786
21286
81402
82710
66818
22587
67518
79923
56447
48920
10914
43652
48608
48938
32861
18181
23991
27936
17099
34441
19086
39368
13661
73908
15144
72825
27087
9391
41740
13933
1365
25953
31647
83117
46036
22565
1385
78302
76863
57717
39607
66629
65414
28815
76561
21642
75729
40796
22996
81456
90869
21121
25721
30941
32401
40132
30759
57398
68459
45317
31449
89568
49918
67801
30851
14340
79282
36857
87385
4369
24959
82018
67345
98195
29751
61257
66139
28536
46605
90884
667
51878
6804
41382
51610
7525
52744
94933
62051
66921
20816
47714
96910
94870
67351
32610
94047
98500
59746
3930
73716
71300
46555
75799
4882
27123
1336
41619
6628
49339
76515
57624
94778
15707
45954
6179
99574
34688
58032
12842
71958
68945
51321
79665
74527
89319
4547
55406
23729
38756
19337
96228
18371
64668
99046
31614
13764
13803
76231
69441
66921
30677
97224
17632
40277
90739
68169
80179
81193
11777
38388
85445
40580
30466
79976
53480
64591
86273
10121
95776
64811
46053
96001
90216
97112
89840
48589
25266
18703
27848
82564
6119
34823
73849
83837
83399
90392
77498
36348
75202
5378
31113
43342
85557
34130
85849
89482
90850
13534
24001
93782
68062
17991
82636
37086
16548
74835
57918
70777
73737
85013
59576
62133
47653
97131
12265
56841
50259
7898
89655
72203
48769
66811
8306
73101
86514
1088
41740
12128
37165
20665
12187
72481
62768
84162
80453
36858
57850
85904
62087
76120
77946
89415
70610
45822
16372
57577
74968
53588
72781
10830
70660
93465
24430
58625
79756
41321
74139
46794
35092
35655
49838
1151
47397
37102
96970
97342
72078
6545
94721
27272
23949
22296
70656
15568
43641
73146
86795
97197
39238
78603
74612
63467
12940
67710
14503
31874
89731
13823
41340
76094
21471
62657
61174
60359
34895
27747
84557
67880
96140
72478
20681
44515
48229
68719
51800
33464
37852
39199
72795
29350
15376
20242
58607
54197
2774
50451
86146
93869
37332
28421
60432
56955
49159
32083
53153
21389
77824
12266
38575
79548
17146
20857
63143
79081
70814
59640
74362
82412
41033
42925
98816
51852
49665
48218
61460
28012
84775
58707
1109
3379
73060
16464
75137
26207
79202
37101
3791
4423
28260
56219
70570
62286
35159
35754
81659
54692
21463
99586
44535
76330
17392
14704
26652
93764
82227
17612
22508
32805
85701
27051
68170
33765
17631
33673
48414
71150
18592
83472
98972
24114
42660
33500
30982
98610
57772
57710
60066
1672
76047
44354
2823
56825
63324
87124
13418
83837
18353
284
5102
36197
88013
51414
80199
20744
11846
27519
71941
32980
13942
15099
36147
39538
38794
85300
48544
69405
93910
44755
41308
4087
32495
75950
45936
48293
6828
92703
12084
84465
5255
20910
57032
10306
36628
5743
65321
90770
76841
8162
66174
86897
10072
92198
71876
603
16698
61891
11970
8810
58639
45542
80078
33415
40796
56461
94407
83639
88817
99631
33157
3973
67252
23416
14563
66376
99903
51620
15174
30464
52475
16392
7893
33784
42154
47404
98647
37262
39982
19227
95661
8665
20434
78850
63709
44190
95348
1537
37636
26160
53408
16510
91886
31208
5976
28194
72751
79687
79589
92059
38320
12239
27154
71946
68785
14721
3527
70811
25985
15617
54278
25430
70132
57981
13585
8278
47212
43435
97693
44937
43807
29609
86091
42568
41110
58966
59261
87498
87198
62341
73571
88575
95756
26645
83430
10755
46821
90196
38228
8939
37324
98325
64794
27871
23511
76194
19316
50516
1108
61118
24161
48072
22438
83220
85113
87622
66702
99021
92440
91431
77970
22491
49000
95573
37844
80969
3403
68451
45748
74780
97160
88306
55727
79422
38864
4523
34997
87657
52578
16174
66629
28565
67401
88529
19528
4013
97249
50690
35056
23667
53960
4234
68406
29775
73365
38394
90729
42154
17818
79061
37204
59817
88664
98462
89524
62058
23581
12250
24869
39523
66808
11439
53765
47907
93833
82404
5378
37532
67069
10497
13282
91959
61266
87184
37799
97601
52091
27855
4366
54623
9959
58075
21292
19527
77320
17498
16472
76256
91573
4864
25359
37030
75255
72494
76445
62678
52780
81374
1485
86577
11450
70837
10901
29764
97860
68275
41692
45230
25487
27159
69907
66732
87134
31552
21253
5474
59544
9688
47921
81089
40218
55294
55533
94929
2979
93896
5642
68231
1474
34368
60954
31951
83171
88565
26233
72893
15622
86829
47269
32145
10450
98498
19699
55535
50372
23218
82362
25905
95332
91729
78501
71838
91786
79336
95610
69412
74858
25229
15131
21075
23975
14947
91266
3598
17308
85795
41959
10088
61833
51091
77280
34832
47822
81552
77736
93733
11658
36463
42912
23004
56795
67634
9958
64881
54218
1791
17629
68520
86894
25543
13343
48792
85123
39904
55033
64552
81258
55310
75562
82841
37530
98413
9205
38771
37355
9652
44157
98285
13687
88941
48760
28915
46272
11868
35388
5644
13212
63714
30611
15188
6438
51984
25535
72119
11353
23339
65463
20728
99781
18161
47442
57149
44563
90901
46549
10182
813
5753
9941
92563
51343
31012
5590
9640
39017
71350
31070
34247
29788
27211
99324
98776
80083
95862
97009
92720
14955
12673
41122
1959
56894
17683
5861
4300
29902
22033
94118
22083
74514
84515
45104
11756
65001
41785
42926
30459
99309
57622
29543
93442
95183
28069
39731
93471
38933
14175
9924
71403
30355
32989
40242
57027
99696
87612
24104
41159
74268
82808
88048
90921
74420
90408
25282
67818
83084
10247
41275
88441
19857
7815
73374
56986
2520
42109
70316
34607
12897
91510
12213
63689
59385
27033
31201
36539
79028
59135
85041
32282
27886
43300
17356
63586
84166
53122
37712
39522
76967
72082
87755
5361
50909
14364
7288
99560
39909
9493
85623
65156
17878
55004
88833
73932
35300
87276
57602
18095
94420
31593
27249
65586
17708
59326
59827
83468
93811
37145
97016
87176
85019
78968
75204
90748
70672
26898
10140
85220
6447
65549
86127
49719
70183
70301
99745
94903
13795
65824
34361
1906
13423
23165
35816
42911
51626
94389
85301
13035
86231
964
36005
23888
22295
83787
60716
14023
1348
28181
87893
78697
75730
46844
36527
52218
68332
21416
63792
40339
72891
78028
50660
30407
96297
82144
13666
63524
87232
89639
36344
25037
84979
6657
47000
2549
51906
56382
92082
4622
13330
4643
22857
5815
54485
99764
92337
9255
28393
79954
84375
93491
28103
40337
59950
85498
44999
36388
36626
14373
90845
49695
42973
94502
34152
20451
28936
17610
57761
54899
18407
85778
6765
67948
86093
84690
49355
25461
28223
36897
26371
48406
81374
33218
69483
1422
16515
51029
89886
74030
63091
20276
81303
50545
22790
67188
3773
85632
5713
40814
64968
83704
75682
13074
58615
46117
48139
67198
56101
41230
92834
48998
26188
26937
63745
23845
96016
33938
32295
64878
8430
79685
48551
13600
54908
90931
7842
64961
38260
2691
59707
78216
99808
64383
68112
1007
65116
99105
98491
48620
39445
75829
26300
58691
39267
26548
27060
50664
91093
46401
15298
22007
33245
90002
52080
10524
78621
79243
82101
86185
60395
92799
26978
24508
70326
60403
96843
1867
5722
27331
63578
51088
62231
76965
37829
46317
68454
33844
18275
85799
83522
2292
26101
69444
41613
70246
22633
31322
23844
76120
40117
81852
99112
90804
61319
89308
56898
43868
48498
93866
1817
26190
74289
22041
85424
72281
12126
39874
69513
22260
37964
85111
1433
30898
36799
55794
95079
41245
45562
89855
88880
13678
32225
5037
85458
56174
38001
62580
81929
26161
25414
66522
90972
53205
80921
59774
29417
78287
60800
76445
33093
19090
75740
56792
21836
68395
57806
36968
38558
78017
36852
49086
72188
20355
45659
31550
93345
10050
51250
59799
97354
94572
86739
13082
17857
65764
46654
56325
75317
29279
96703
78752
36747
62644
29954
90084
95619
52343
21840
92547
31438
72834
55303
59646
34517
79426
24291
73313
80580
45412
10158
3463
76263
47781
97351
65415
35684
26929
76813
84051
74460
19374
72826
66304
47594
98242
8375
27650
34788
8949
50354
63861
39662
9931
19017
54941
53166
9391
52093
16810
69798
85052
72901
48281
15360
30697
9146
64603
58949
53096
93059
7177
7588
68559
32651
65022
31815
25340
74505
74926
44670
75262
61917
13261
91209
1532
77652
86483
84051
15032
53847
58488
61549
66252
88733
68967
13310
32260
84575
60192
28649
67118
13409
39509
83569
40378
34876
95789
26469
59625
67507
36447
66132
64887
58367
59098
1820
4727
39646
80970
90196
64482
47752
41526
50361
61896
86716
45478
74723
33793
92385
80464
3140
7606
73988
8060
21508
25228
43216
18982
77172
77139
57502
50928
27797
77414
66110
97062
75836
80122
17213
77850
8658
46686
34658
9415
80133
46278
94824
67896
83579
49612
6033
92987
89126
35324
44269
33401
8618
8298
15767
86593
70899
27854
91171
4236
83696
92425
39098
3512
41916
67189
71757
34047
41394
13079
80286
2845
6159
31030
5635
2485
71078
6861
60671
75086
90733
41968
47258
79608
31685
73466
82468
99242
99971
77753
72774
17836
96687
8160
84575
46033
56227
35266
3176
27905
52207
65252
61204
57021
93408
64486
37286
44973
38079
12695
32967
76556
35086
93869
41963
69138
69241
51299
83547
45110
70305
38393
58944
45612
93214
73777
3866
17848
51937
16025
44427
52994
34779
15202
99230
62245
35233
35823
42804
83292
9821
89240
27992
20875
16189
72490
60116
33431
36139
18818
28477
11692
38393
62513
75780
38037
32305
57453
86948
31432
84519
4213
53729
51502
2602
36412
25442
19135
54113
35730
41105
17637
67879
40190
92598
86611
23937
18578
74962
15928
98298
19096
88592
11550
76564
70430
51011
11350
31582
37375
47896
74545
15247
56471
42239
22884
58859
93381
36884
15513
78935
34121
10785
35398
82463
74947
97603
42579
39061
66889
97334
77663
91195
11566
99243
29813
30109
8157
8317
5231
24936
20313
10473
5562
1249
72542
51856
47608
7023
49018
58175
26417
14925
317
98616
8037
82217
18707
2341
61370
67231
6774
70359
23862
62944
85564
87349
17384
51253
58240
2504
49371
21892
802
37642
90848
52259
13448
36061
50886
77971
21816
86104
18534
66828
36971
17574
19445
80270
64654
92556
29389
30565
74650
13768
25140
28573
90236
78045
68068
99345
33
659
74199
57679
1453
92797
43808
18412
471
13879
68163
52082
76507
77558
28584
89008
11129
78483
15463
2678
42480
56245
18519
75630
57950
14700
86542
99844
87293
58812
51744
64524
46735
92334
14201
38374
94667
54960
5396
71200
83592
55923
69196
37725
69305
65666
65952
16830
73545
95147
1154
58227
74436
93128
17686
28974
53550
1681
89288
21584
76834
67662
6522
65591
85977
86652
58806
99554
79351
23263
61661
30858
89948
73307
22336
25335
41011
96821
15912
90933
64931
68349
26731
29240
33862
19266
52646
8843
44980
51046
74728
60036
99112
59432
63117
31985
24067
6000
22948
13008
54384
14810
93085
23457
40693
27133
49366
41804
51726
91
1504
4193
33923
79147
65741
35920
14858
43845
76587
25949
53191
32442
68605
67100
63973
63655
24647
70845
83073
25260
36686
48895
50314
52699
8954
59127
34236
80860
12335
71438
91108
46112
36987
56108
11947
61421
95846
15519
94654
29695
67679
96394
17813
21266
9437
98041
16307
90229
71367
98409
63167
79634
27797
32065
17410
17597
34637
33922
98693
57290
71652
81871
86024
1437
90662
21273
97225
56467
88571
52090
77477
39008
6015
33766
35154
69725
77213
16306
7830
83073
69950
46036
79132
9079
27894
92640
49063
60999
57326
98437
22165
73664
62279
92606
43479
41424
2635
92696
78371
5797
71797
92488
79243
20982
71199
71831
10798
90003
72455
19535
35134
68949
92252
26581
5068
11034
42829
51349
45623
49722
3104
78012
21467
36969
92758
11482
65353
30805
71772
16120
93707
85416
54075
5132
21529
90210
8744
66138
76054
59004
8404
46894
68321
57944
4328
12295
18159
6582
75308
13045
27743
19904
5143
6326
22179
40521
18011
37253
37659
72624
12733
40445
28849
444
94383
24130
59494
62441
16788
5870
93230
27776
98834
72640
52780
21504
69731
51864
74122
29176
50486
97174
83205
40833
44873
13304
56882
1
70929
66825
8888
97837
59752
29996
51019
32773
42233
40604
70811
8890
96882
27254
29162
99061
39138
24663
535
44712
80343
77588
40099
54477
55698
28509
73805
99443
14726
78613
51477
93850
75769
66543
32437
4070
16399
21955
94332
44417
30213
11709
26651
78820
97468
99776
43613
3202
72998
28587
18949
60014
68879
85180
73830
81250
82042
39443
73710
32170
79121
38764
32752
22753
82490
24967
51082
19985
22063
15449
10326
39600
20311
56364
79961
9399
61641
38462
20092
44684
87916
95022
9025
25761
87017
83050
34558
98936
22439
44182
69035
10704
79963
12422
19463
7569
82805
85995
18974
47653
38060
54369
12763
73030
88344
61662
16386
49438
33621
9195
88715
12810
13727
62606
77189
18464
57460
58425
60551
15067
11861
84651
26176
97361
38318
86151
11112
88750
19985
68323
87442
12240
17977
43598
39533
71671
66755
29566
5227
21212
36120
91816
27220
29912
34396
89264
15443
29896
78226
58187
36232
40118
99208
36210
13716
79268
25225
10446
12619
83379
92292
44195
64480
19717
63422
47295
5345
38817
76317
26731
15937
58465
64547
837
90209
11319
114
55381
9188
96452
96013
12045
19667
47382
17802
93977
24326
63604
80047
52036
5372
63714
72672
45150
62755
79404
18599
24740
19605
2314
51166
48745
22618
49366
44720
93337
24708
27210
77493
48678
1261
32573
50967
4173
77624
83591
33125
14485
82773
10661
24594
20253
42127
57411
96062
25240
44032
16764
87850
93305
57870
48052
96636
86093
95352
50917
19262
6631
20985
70391
29579
28069
18910
88512
68173
11911
91684
94056
92326
4488
3496
33385
67901
88086
4151
22681
96641
48332
30970
62443
21930
27216
69504
68004
73378
28164
26002
38528
86848
64132
14358
70335
52241
46637
96059
35682
85272
91301
60541
75035
80161
85360
29732
26168
42575
36648
6534
13958
30860
46124
30365
38176
35445
17189
70159
98740
88550
35995
66428
62334
75423
24382
16315
61392
39438
55476
13599
48305
69555
70829
37337
36806
63078
37147
74790
1161
38780
22803
60999
24153
34786
48648
32769
21258
1796
16639
62393
52860
58606
94599
84659
94174
94978
57154
31015
36520
40596
19092
65120
98863
42843
21924
98809
38025
5729
41075
60240
84890
20523
795
76787
9957
41613
78529
94715
71361
86627
45570
85603
3647
48064
13779
28707
58
86206
9792
2736
18110
92239
89422
83362
28195
85496
78171
63322
28899
84338
16946
20506
44025
33125
46701
81997
19001
62294
62776
96407
7081
36380
15007
51748
36757
97587
38136
96328
96470
95704
54872
99214
68264
62846
91861
66540
35318
13595
51808
4357
55239
61202
88880
17629
43154
33787
42526
90901
22525
57812
96161
97119
38026
30631
58146
76327
33916
35629
51116
57172
98938
13240
59796
51799
46929
92797
45395
44993
16466
30435
92947
91543
28177
13644
63902
52164
64922
76728
45749
58946
5723
18648
42418
90088
53074
89557
47301
63681
35416
58238
81794
32265
96914
84841
41099
16738
48706
16961
80318
29574
69032
27812
47256
56987
73712
83365
43706
68014
45864
17487
61693
67792
33467
63984
60899
15804
27082
96940
40663
82409
88697
20128
53033
85207
43037
70263
71105
35870
41120
98447
10022
56142
27535
88787
8080
88116
33985
82859
36516
59090
7509
51156
50537
39747
92179
70360
64126
77697
55395
97412
91253
66187
2474
65474
13763
87960
17093
48266
55595
16111
94230
84316
64252
49943
32048
45847
80640
33057
21433
2139
64751
30964
44848
85956
58697
16663
71474
45513
36533
64645
62449
66532
19562
80160
45312
2310
32820
28679
15118
33039
34015
97836
26261
52676
26186
79817
11228
46491
67482
41234
22145
72007
22315
99957
85756
60236
64415
44174
93052
46016
95868
23024
93375
37179
28133
53234
11903
89425
72807
94020
95737
76400
3324
51775
111
20125
28019
77543
38368
83932
40527
29810
10856
74884
14175
13397
80471
17851
68782
35025
95638
400
87955
43465
40193
50474
34315
3369
57385
12115
65237
33407
31435
58547
48479
58080
21710
98855
74527
44288
16274
78326
48693
21186
86244
42340
5425
77636
13471
90861
91115
64100
99720
33524
89030
81998
64868
89542
61016
99594
41527
87506
17108
35374
36906
34734
77642
59569
33711
72739
49844
95105
45291
34579
9645
46428
23372
72079
94520
70772
58968
86505
32216
6173
68437
51500
12147
7692
70464
81479
60411
22112
49082
51839
20182
60850
78009