82261
17406
48904
1844
44475
70204
19017
95876
39813
80308
59702
78352
8659
47368
23670
78557
76871
48848
80528
13136
5565
41663
42045
81989
86077
14459
62011
34129
75842
43438
18435
13148
97735
12470
75501
74332
81909
1095
36933
57391
86992
42990
44982
51405
3572
48132
17364
96931
13743
70010
38426
67236
26105
55650
32069
54310
7886
35900
38684
45808
54702
5295
41361
9065
36898
54343
98562
61788
46059
92990
92751
81517
82458
85724
66447
59492
29631
69466
8477
27090
16158
24318
18702
68252
80209
38555
52560
86890
1789
95919
94121
80633
78597
5171
74453
70516
12404
45798
27193
19501
57238
44948
87011
27788
53740
64670
22999
1122
69781
35684
28925
21279
80090
18571
88074
9700
38037
10797
40405
58454
40132
51677
8988
74375
14970
96190
30499
38279
4255
67887
19964
15382
75049
10707
54061
70931
19966
95503
15538
13021
49522
57997
17718
5423
40563
36241
76121
30235
59678
83138
33655
63968
60267
50600
9507
33039
91030
28243
39743
99658
99935
61645
20504
54617
11341
73666
28997
26478
62967
64389
34767
29995
9752
48400
95314
95487
42802
64258
6485
54213
92289
10230
85949
49320
86626
94005
32523
55972
86265
34600
12976
32972
55177
53777
24187
59278
98172
75692
79217
60386
69402
75481
42157
14038
3486
69336
82123
84154
54488
18075
86706
72984
41079
67890
38065
66558
6363
331
6629
31509
46600
17690
84238
9687
57823
58403
40650
93951
41048
69835
43282
20034
93596
5677
77112
21643
43118
13710
35824
46873
77977
16016
49633
36995
52078
71630
53804
84029
36582
82702
24789
91445
85597
9145
54965
34268
4691
16765
45760
30374
11528
56016
86135
18514
16373
12050
97939
91982
71625
92515
11082
26012
26889
18907
37112
14709
81013
43445
83641
6552
80860
83516
34633
58147
57329
91735
8055
6160
70135
19103
73390
17316
82991
25565
28764
67061
90598
75298
14393
58122
75740
88949
52956
23412
64777
58840
2562
77830
18823
32353
53953
47115
82650
36050
25318
37226
26579
5170
40673
36311
94077
66097
89510
22168
68779
43157
6928
85759
17
64495
61005
11780
72199
39884
67501
32362
20261
46392
76984
2012
51072
44794
64301
23848
65033
47770
13291
39234
65051
99945
37196
22864
67268
25781
35369
26154
42440
9737
26736
75148
46270
10656
94722
5101
3475
70824
34957
49842
70452
21568
74547
91993
23825
10216
82218
83905
27356
53858
91594
52854
51154
28582
46989
2106
34409
84411
91531
91207
83552
8747
50050
93230
24612
56398
50297
15863
38176
3944
49912
6546
26939
27501
83030
99090
94612
93818
94142
26070
45081
99087
71229
60770
38037
57578
96915
40159
21327
18028
39205
30198
92258
59843
92942
10837
48438
77453
92517
49821
59091
74901
5080
86960
59199
75441
39174
75281
13377
99952
36217
25158
72664
36668
48415
26943
51562
82483
56421
83122
6386
64721
10284
73730
60304
30
95170
57279
41912
7452
89075
18055
66763
40369
42769
29391
47687
31966
15743
25571
80342
92737
40440
54106
78498
74393
79254
59814
87223
91509
85191
82869
69574
98107
41892
18270
47533
11363
41449
11315
96713
64909
117
66003
27470
80610
79246
16104
30224
17388
71675
87638
39905
87980
65592
17572
76603
57973
87604
59570
7811
71563
93887
70156
41742
80550
51020
12652
37305
64010
62653
55279
46695
59505
90001
68255
76081
96993
669
78937
4936
53388
47348
40814
19600
79748
20687
62976
38549
35744
54724
36336
54483
65878
21007
69989
26424
12130
55604
95270
94362
72614
90334
29575
68595
9631
67053
98400
39475
80633
4334
36728
55249
19929
69981
27621
28811
53580
97408
56514
71400
19077
32384
6312
12655
41280
84645
62123
28717
14128
87504
11182
4986
60379
40179
4823
6605
29046
44999
72321
10354
8904
97469
28727
56093
9926
81484
83352
38213
16894
33969
89906
56457
35038
41777
95514
44392
42517
26215
32182
36683
32798
45101
3790
53590
58073
9057
40344
1985
95439
8721
97592
97630
33243
60054
10460
57900
46646
79178
87259
66855
56563
34723
86892
6998
71122
82092
18762
59507
47957
54954
3193
36137
32911
95412
26877
68972
21071
72005
15004
13190
45374
80660
37517
28773
60819
96882
42674
8573
51463
16461
21115
98196
71678
87546
75970
38582
65960
57082
12044
27874
1508
40777
69713
13266
38276
94494
40403
21088
58173
32019
73110
35148
91480
3640
27204
35906
35730
22623
28261
58185
61156
83744
78110
11812
54816
17859
30565
57353
20466
90604
14706
5068
52457
64012
55254
25473
59092
38036
93981
89661
58523
53188
96753
35145
14196
71321
3154
30422
90570
96740
86265
4283
3441
87870
67766
83306
64689
69503
31442
47613
69187
18685
15723
53801
5418
69608
54342
44137
97881
66248
8534
32030
77460
3271
48628
79765
12220
75837
84922
84625
49223
83296
35883
46124
31347
3805
59546
9685
81723
32142
9892
83117
751
85488
27920
21455
5288
38807
43007
9369
94060
12792
9374
69849
4045
16092
62112
36558
41838
94136
83461
13513
4224
72140
88564
24436
84790
9908
68500
41813
12400
92832
15954
95426
2560
48766
69545
2874
56317
36235
76545
35587
88692
61628
58307
26127
8313
95357
71294
32204
23924
83762
84166
28403
46396
72881
93406
7385
82697
4741
7080
58075
15188
79352
40269
88411
75653
92839
86070
33639
1430
58195
68537
13139
23487
89690
43428
81116
97430
55444
6822
26208
68102
97237
17258
68901
20516
31566
53568
90875
63962
7185
40192
63056
35661
40440
29108
84423
50873
12993
11535
43498
5830
99748
27056
83323
43634
51754
38453
19197
91273
85479
39573
24550
67368
48802
10263
29928
91762
7216
43117
93459
72054
35032
47264
75622
12244
30771
52432
30947
82089
78137
78577
14319
76565
9375
4036
51100
11319
61733
34024
89326
88553
11931
54771
11776
26389
24375
58154
34524
44492
30177
65210
80544
30851
39957
89048
83668
40876
62732
37467
70084
42188
50252
46371
1319
31172
17911
42705
66498
37501
57519
83428
9303
4407
81641
77256
18469
21859
49103
96429
11484
51849
75258
96400
43971
84614
71767
75069
65031
31737
70924
3935
30453
78480
88987
56348
91944
36618
57852
31554
96056
20190
75964
55046
66501
45501
93158
94856
53695
31142
73822
88760
30614
31838
74215
63420
53489
61735
19843
59192
93326
96547
73902
3138
64353
46888
43129
12291
28145
72924
86335
53783
82179
37139
63512
76591
18760
79920
16479
81159
16919
64086
92068
87222
73197
79382
63483
1742
56219
98532
69083
58848
44793
37980
83680
35335
58712
34841
36589
34658
78512
56791
72822
52806
41966
74049
58702
48743
21756
92278
50233
42797
45302
19673
8809
98676
66912
50846
85537
83945
74469
16167
68283
78723
39473
96901
40148
82977
47238
92968
42639
11668
12361
4112
92602
80936
43462
47305
33912
74573
71756
33574
35096
75975
48265
18370
58227
84950
4952
74177
85364
44867
78586
19052
29621
25203
21289
50675
53941
99137
85936
37730
20606
69241
29232
2320
19602
9779
99837
18873
19227
57955
98854
52491
98331
33143
21684
99173
94751
91023
63884
69193
32582
4221
11170
89052
86283
82130
40420
8998
86219
36019
14170
72506
1474
31666
59015
98879
99150
52108
26179
686
35745
11767
48234
18420
8546
27513
51950
39575
72797
21229
96099
87784
14758
6897
20214
25623
13192
20713
23153
10122
72546
10418
57255
16746
79950
72840
90444
27023
88824
8365
16577
52857
83370
43655
26170
53597
23603
73479
35923
51440
69848
92361
30390
40007
85292
83029
63454
52195
66774
75986
45408
13909
99710
8341
46053
53058
79215
60440
79519
75851
14078
3155
96152
57498
20703
89424
91834
49811
4058
27324
74541
73640
60659
97978
21371
6194
88418
18354
30421
25159
51783
24506
49876
37000
50687
78267
27380
78557
68028
99282
87008
80513
85874
71067
4437
44033
61572
80325
63921
42904
23558
740
35623
79559
86933
35484
44117
69702
72018
50817
95342
55669
45336
13876
39175
92199
56515
21640
65975
61255
1561
23500
1129
41627
45114
15404
60226
23633
83406
69826
2911
45935
41341
76874
63662
82555
98956
95213
15071
8738
17434
70442
95757
11644
25146
45516
35312
12120
17821
26483
36264
23420
35174
8884
36460
78483
31811
47966
42315
69067
96836
54062
41115
82973
1515
29873
21068
41702
37259
1373
21992
67451
21067
86104
97809
99654
81659
94002
52240
50671
77634
88258
36940
11196
87682
54409
78879
98376
37155
60776
17366
65916
70222
76191
61201
57173
265
37129
98223
56045
39293
25795
35577
32505
80870
10649
15053
95110
23279
69352
40318
45362
61882
57427
20290
90564
33415
45743
11278
952
1252
82097
5186
36720
68419
51220
19940
7678
99690
41072
12730
28273
25709
75869
70684
9047
82572
33369
4084
59344
73361
78263
7186
85451
48623
91563
76702
31774
31328
57161
39093
69760
45147
15310
56658
40087
80400
8529
65982
15510
94736
93748
10583
64034
97597
71650
78449
66498
54787
96181
43657
69643
66953
89515
65169
10485
44112
4078
23300
55065
11683
62133
30630
62435
68513
71561
98993
76413
32666
60331
55934
89924
69095
52820
33289
11681
58042
56383
14179
93765
93466
39897
20286
9667
53000
13266
39593
25254
96242
18399
21905
25905
63906
92979
75798
2232
72064
4720
35167
30927
96729
77157
14713
56634
86712
55957
40900
84374
42184
81319
22997
64641
65950
48899
51580
62159
20049
51806
99342
6097
14901
90750
36577
39557
84838
41786
53183
42821
38617
28450
64337
17904
81359
48794
35776
99043
5737
19136
70855
14883
14209
27569
16262
92426
25579
71623
42647
6038
35211
94650
43674
70744
85998
29398
32049
95219
47929
16772
67362
58039
94667
34014
72191
97379
25910
13712
38471
35947
73628
70986
998
2975
73499
66441
97260
49028
68065
36097
2609
83262
3422
39296
74028
62552
40129
47858
65927
58247
94446
49141
91182
1208
11151
11668
66036
61591
61756
32231
72874
11973
69026
94428
9781
9092
14608
92032
45886
16580
97746
1537
99327
3467
483
62789
18488
9100
55638
22809
96391
21558
12962
2019
90178
1262
23003
45639
93307
47740
16286
15674
6088
72983
92237
24639
88833
51122
78850
58867
42319
5636
1721
29949
71236
84249
29320
80698
85674
13370
48358
76155
9621
28622
30065
97531
18272
1511
75240
81205
19516
36340
82659
22447
71656
14319
50899
51904
25725
80358
7369
13854
57934
56029
83067
34404
37082
73663
60105
39348
29379
18350
58215
32408
89441
43768
37888
61683
55095
68068
95260
30303
49788
80439
74264
99057
34964
65262
4406
92687
79189
59751
37000
17298
83438
23455
16617
25011
12256
97481
50060
52453
28752
5908
12900
52354
83632
8045
63848
7187
97687
63809
71413
66593
49338
77496
26
37748
65411
3070
62198
49523
35788
33976
64041
40205
68987
67477
29629
72075
33200
86819
95068
98875
96330
48284
11790
53031
26355
40981
71564
59903
14798
60886
37526
89175
53023
45818
7771
89922
57087
25840
77983
98842
1488
19550
26540
58902
26123
21829
54901
27739
56311
14998
94141
15955
70362
50555
76439
70583
6178
31668
41714
19023
27475
44206
62499
57744
32441
80391
19836
61265
97488
16365
56008
82446
22282
8775
1579
9126
17530
63002
55487
54401
81793
9713
96041
79606
31343
96740
47522
56182
72281
28590
90338
38533
90238
31164
35048
86715
72597
51272
44098
22530
74784
13727
34489
34944
51665
99332
7553
87708
5308
52414
94238
22704
3662
55976
85459
74131
84413
63330
26525
64477
99819
50310
9314
94238
93471
55052
84999
66329
33387
55338
54354
29623
30216
79284
73995
83386
93066
89056
19905
92975
85090
19096
8639
6790
49169
47818
9864
71076
54368
39661
45870
90233
72939
79373
39330
32751
58024
83124
13678
45617
27025
28897
61270
17668
42829
89501
20933
49070
30905
20017
842
45723
82151
21508
34681
65546
46148
53733
7244
43375
82496
60992
64544
52600
81507
11226
69874
95353
33478
19009
69529
84158
3136
92441
21499
49341
63702
90992
71908
17595
31007
33939
92650
79592
47001
27563
7993
94341
84518
62279
90153
22546
4701
82870
94507
60950
95958
28014
73865
20174
83007
40954
37403
68169
88008
88714
19215
83815
51769
9604
52749
80588
85257
48616
49256
10842
47192
1784
29691
23276
64436
88529
69267
55484
98762
34901
98835
86327
51087
90752
17244
86403
42010
26985
734
3880
72097
56946
61217
28151
91110
76057
88395
41077
62721
92979
86690
32139
46212
88150
25690
45042
94106
13091
217
52387
41503
14787
65646
35563
33239
1803
98068
10874
79028
45101
57703
55247
24341
63565
61076
94728
75105
53550
31806
18896
20149
61461
6781
74307
80305
87050
88247
51919
60287
98396
94451
71654
1768
13265
4330
74004
47581
49980
72110
39023
58447
76252
44377
3427
13952
59012
2876
28160
90698
17538
28571
84767
36307
38415
23362
28250
13320
40227
64530
54490
78384
36424
29623
54622
82939
13838
23883
14945
31096
26772
44745
59908
51522
68368
63493
8931
53485
12077
79920
90297
14516
308
90372
84655
90747
61118
88795
1332
64733
18596
31436
49310
11455
93535
61137
2065
70721
80379
36584
61273
16059
21776
49724
62104
1903
5963
76345
9718
41878
6718
81689
80916
70230
49924
34307
40233
84532
58044
49762
74665
70334
73917
52657
49224
37115
89230
88152
69477
72088
25923
91244
68685
87660
5619
35942
85085
29797
64479
87306
12469
18433
56440
74368
93719
37266
64457
95796
28046
73183
52382
51024
24462
99727
7212
87448
24241
17249
15284
69413
8983
77862
3217
28201
38867
58193
39893
6784
28660
71019
42891
96938
9580
12046
4689
56124
63939
77207
27066
4668
63338
15069
99870
51643
82686
63992
67390
69001
96143
34642
1738
79317
89277
74830
51197
29752
10698
27736
65822
20738
31109
56852
57337
68515
61420
42632
81992
9022
47187
83499
86633
33387
41541
45160
29763
99460
88405
96607
8252
71698
57366
36796
73577
57075
90397
93820
22110
84426
9512
12149
15454
42191
56919
77664
9838
55664
35729
75762
96945
79714
63881
35340
25459
96177
93920
6693
44612
61496
48264
34068
44580
12272
61667
11347
97277
19903
11325
92903
34638
17168
98965
3706
3102
23195
73084
73103
73446
96043
11226
82248
45592
10337
12759
16785
61091
97863
45411
91534
29465
93052
50625
24269
67921
34741
42345
78018
18006
51470
99967
42877
81951
987
54089
28028
44842
43617
95250
5692
32219
66976
2712
2606
86102
66088
59086
17669
10375
76065
74865
81460
52849
24947
30678
34447
7586
56562
55184
46780
29396
52242
89253
40920
17875
92961
21007
68362
88326
75767
8202
82524
24131
38453
93780
48740
19755
96072
67015
77513
67976
9424
41748
43148
27436
40675
46481
55075
41427
41445
48660
73918
32458
60403
70278
52422
92118
81415
32763
9056
22896
21314
14623
13482
39561
49639
83051
98713
84604
35766
96454
39666
93421
86697
37463
43922
50211
98949
30930
91313
26973
7455
73845
76149
39947
66706
61019
3656
86738
62945
62038
38880
8360
97401
34041
84650
73515
59203
23361
99912
32152
1298
9861
55245
97047
2475
79400
73036
4030
64687
9542
20529
15091
82092
76828
73439
8584
92457
24631
54430
94465
21727
24166
65662
45140
30729
36928
49363
99806
29471
47673
59078
27405
98605
23156
13812
77372
491
41096
6368
32629
64399
30263
38906
38039
35443
92429
33732
96957
91964
60976
33416
18261
51171
82423
93104
59288
89562
48286
56283
59348
59206
76918
13879
23688
45423
52363
24330
85789
99470
23394
94415
56788
49004
83285
803
48358
70084
66384
62923
88651
94744
41392
95692
93574
72953
63451
7005
26223
87331
77004
34839
73806
55735
68011
6191
78169
85088
69702
88861
48892
85388
38743
54303
15222
29719
70016
63066
13309
98946
68012
74000
12006
80697
48971
50462
15204
87662
21050
65506
90984
12903
17376
85735
85202
22239
69314
98740
46077
96009
14651
38582
34541
32957
56831
7255
47165
92918
70780
97808
6611
98344
95929
154
84915
60939
62372
13561
4589
32253
51990
67057
50861
11075
7375
52424
25980
13860
82714
38939
70955
7028
34193
99927
92237
50935
67210
36716
44107
4656
4507
67395
75594
46840
20364
94934
38624
40952
2971
69697
79329
59468
34817
14298
32226
6298
89020
84861
46960
81261
22385
5560
22788
17086
86843
46352
56620
15926
98248
21402
73383
40492
49745
43623
58332
77552
18244
91010
77937
9564
26178
59674
74703
23927
5740
39973
80822
25826
11430
49307
48407
93590
97565
6235
36589
12602
98928
43594
15537
17433
8140
27796
62661
13222
68864
82053
52308
74905
20741
52682
61034
46899
26443
42422
586
46774
63975
8378
66388
78954
26098
90485
79479
69554
28075
52002
58293
47566
40632
78946
3807
69282
73376
29025
5019
22866
8470
68211
79706
15799
66178
99527
22476
38618
57619
30476
47520
27454
29679
61079
28194
41169
58007
65258
16140
21219
81022
6123
6277
92075
48504
52147
3448
43359
4206
73812
8694
78924
20056
26499
24211
31217
54421
15621
72564
71434
85241
24226
52292
60337
37659
16101
73846
56572
20705
37557
48554
78361
56359
5125
31094
73735
53837
26162
12710
31194
50900
78839
35224
25628
83156
3093
16344
74974
3091
74747
22580
73972
56314
25593
48663
2782
3887
90859
30573
68391
82522
74236
87872
95557
22949
88671
88996
15527
37045
1271
71633
16534
57984
75803
25803
40647
63985
23980
51623
51888
37353
78535
72733
46066
61820
63388
72334
67521
23191
71952
27857
58056
89191
40192
803
15414
63985
79295
99392
36984
14760
26682
60335
30629
35506
5702
38793
66919
13211
48873
52261
78559
16681
54764
99188
37327
76490
41865
30477
58127
67317
41158
24541
88068
40890
34163
72795
28466
15421
37339
49490
32960
30193
28144
59299
76292
71086
19749
78049
62040
63641
68410
8465
13644
78542
53028
64572
98984
55608
80333
20096
96299
22277
80389
61101
69597
54897
62281
26921
45459
36837
34199
12514
56011
63400
25311
24489
3160
51671
55828
10359
68177
2723
48185
73834
72727
33940
70832
31677
44073
38029
80137
62478
6257
77647
69197
26484
88475
37223
15653
19394
78559
99734
84771
18092
14278
45389
99374
7981
5404
64852
69281
29129
16445
85960
34752
39300
26098
81224
274
15410
81374
67712
23478
50781
86541
24233
98763
97731
15146
12342
23943
68021
45525
94593
94741
15369
10871
17401
45667
60977
41590
43988
50815
84944
51172
6981
54939
60305
19395
35478
90692
26415
98965
2115
87814
28275
36448
53986
41569
67065
89017
19905
36177
72176
21207
11260
47563
83461
98001
4487
62780
91500
10685
82276
12250
53511
12864
40008
15194
6501
48427
38717
6630
70301
21268
62861
23839
44887
85037
10230
96150
42180
97521
46041
20342
34222
86598
15010
89734
84762
11911
27015
33615
26225
12154
52874
51365
2368
34810
75435
70763
63769
44238
68230
23456
52251
63597
13314
68850
18606
63106
6396
97785
78514
1139
54900
23682
3041
33868
39986
7604
67403
72265
69360
45579
24908
43883
15162
93377
35966
5944
39119
41500
48948
9312
95183
38143
23296
64404
64013
38768
86935
40158
56078
26297
33054
40169
28086
40957
96963
5245
59011
51790
64241
55803
28347
57422
25535
78729
43455
25148
6302
24022
79875
13259
37327
50664
74133
69293
42197
42144
17634
91795
77079
51977
94662
77433
38766
37377
77743
52968
85354
65231
66398
71229
1050
70883
66226
81509
13211
78918
59483
9248
62413
80796
92708
23680
11615
36693
45467
42954
69738
66703
91427
54857
3270
12872
91349
57667
38910
95168
16483
90999
53140
73121
62268
21266
83302
51544
71282
93951
51888
2093
79684
43988
92265
23606
47873
28161
23342
88618
46852
71841
19709
52478
51986
26553
49070
37959
29304
9243
98448
65253
40177
64550
4321
6471
19757
35720
74621
49890
3493
9624
19566
62541
45770
55218
70664
19827
65017
56873
55842
67850
73244
30655
5232
22922
88151
64723
89575
87429
31134
92121
99975
74518
50020
25623
12328
85188
53993
72867
83679
78429
58822
89791
82356
83757
60233
82864
79624
42053
82445
65200
49609
54743
49853
11495
85888
70429
14136
92044
51826
3656
46751
14660
24309
94180
40443
58856
18064
77764
37359
33880
10970
58952
15366
81286
82579
65707
49937
70912
62382
77567
71064
98260
26741
31928
7229
89423
13008
54025
32902
15138
578
87196
11588
24363
88115
50673
45457
6717
42621
59178
61118
85525
94868
95810
64824
56248
76755
7087
2001
16807
34703
76526
32287
36437
11549
41782
58322
70154
65787
12458
39506
8945
20269
26225
63797
84983
52192
43299
98213
53075
56756
95610
4219
20922
13642
85824
18338
60045
52835
16997
36584
90714
63179
57057
62083
35708
95171
10414
85026
47993
43666
47812
20960
9346
14996
18082
57625
93272
29169
8248
18210
419
61126
24504
9567
59989
60899
56710
51638
84840
27276
43365
77364
54764
90580
5119
29679
59426
50537
57645
12958
18462
87684
22894
29242
10938
93529
69858
21250
28301
35686
50975
61540
21221
14413
90298
46326
14697
9722
8750
31393
12630
94865
92476
60598
74088
94321
20026
4821
49386
96537
34619
96090
8569
60429
70521
6498
44938
50018
23370
29672
12386
42310
73526
85847
90704
53880
43835
45586
47159
71457
87254
46284
18822
24676
58583
79618
86829
34159
78990
73312
1498
52752
27776
52770
51295
20199
45672
97600
77455
9335
57198
4497
59045
95900
16922
50678
20538
57073
3051
4966
86788
17242
30390
18712
50554
16733
66733
52207
91684
59411
25071
31996
14678
23070
74134
30565
57786
13981
14208
72390
11222
82021
66234
6774
29016
50144
38216
42750
40066
90168
764
22601
71577
63454
1288
29762
91309
37880
50967
46822
54527
66618
37253
13309
71478
89157
409
86882
96163
72905
56214
68931
62545
92036
2673
3951
64851
62457
8390
19774
38737
64266
57478
12156
18340
78129
79112
35108
972
14693
57199
96693
71055
38451
57869
81778
66180
21075
5605
48035
19540
90254
51319
35887
65273
81296
66562
976
45760
56399
97753
69189
35133
40500
34713
80094
92802
82373
920
92057
7024
97112
61704
15649
50987
86554
2247
18199
45511
49401
68093
60162
60800
80176
11869
33151
66756
13204
39190
61987
79756
89552
53106
60065
20753
28701
13154
38000
25670
77937
88154
52882
89418
62469
53514
36212
58848
23852
4435
77988
31398
36780
53902
96212
12432
33460
82636
29360
14998
7656
4733
69585
15510
14352
49930
1797
14612
12920
14145
13199
15121
91578
7190
55277
87501
84060
52248
51876
16593
99869
51013
77817
17138
38687
51099
73347
18499
89074
86483
33862
46436
46064
29576
48517
42445
42362
59903
75710
63554
89670
80927
93615
44269
31078
82525
51947
93131
65236
48006
12452
65237
96551
99718
45808
22491
75622
22481
70137
48444
23861
10936
94865
80496
40215
70392
46645
95855
61748
72929
80549
10330
40110
12345
29331
18543
4956
67237
13791
88023
70255
71977
19928
28018
40081
94920
26292
13619
64004
43199
75606
63129
84309
87671
77683
77530
73801
54874
64846
26981
19685
99393
59161
51780
65796
27735
75504
98011
37450
19408
18894
76540
55815
48601
44871
39010
1521
21598
96632
37792
11544
684
70771
98638
21055
42869
67397
95967
34641
16713
36315
87350
35605
80265
838
73736
68269
32242
76427
6318
73412
53892
82953
7423
81411
68926
58919
75681
92651
46397
69303
87851
25975
1727
5973
89661
72056
45172
85903
8743
23017
94610
13042
53548
15536
34218
66252
18338
32024
15846
93871
5198
95400
91057
10024
20556
16
71037
48193
2828
65998
73953
68759
67471
30757
91658
9593
92502
59447
45843
60807
70451
63385
80380
13721
56906
76191
28251
69739
5790
30382
21004
9224
91937
81749
12620
87825
65523
50637
59776
5910
81746
65237
99188
84459
89895
49901
11655
35480
68726
69334
96778
3110
84591
99916
31502
33236
91305
71974
14231
59347
81525
9733
7166
32263
79978
66357
54680
12748
15625
83049
49243
14455
36024
99648
26387
61463
7662
42470
21180
48918
58231
95844
11704
63376
15919
27690
74540
71480
36347
96144
19041
99678
21813
2903
77134
37248
37113
52131
37250
35324
80788
76276
13580
99500
34161
25918
50095
40865
48352
34401
42454
64404
79229
81179
11539
90754
69238
17547
46631
26851
71247
84305
61086
14144
27360
68479
97088
75102
76069
94618
58486
45879
62090
57085
10362
7317
82941
91681
52031
49201
73565
39722
91473
56258
36372
26179
70066
73998
21078
28522
60360
94833
311
23011
73624
28826
5132
34441
36407
93679
89493
75204
13325
17598
24628
38951
2826
81049
51854
1401
76840
64567
19498
38087
34228
29744
21749
74568
77994
20211
24156
11189
18703
5833
89023
56423
39067
93911
28724
81790
9931
92458
59944
28743
7223
42735
99705
48249
72116
82037
49849
27406
37159
48331
87406
366
32750
36811
89779
64357
90781
53715
50762
75391
44090
32512
95812
76589
97088
25392
13911
58830
32213
54537
51220
19629
97696
17501
33138
97963
13405
26040
6817
80628
40337
51090
3971
92012
47006
71352
55069
88971
75700
32921
64894
42171
56211
77195
84179
94052
49974
86704
30608
70124
97700
35994
18987
39763
46517
5051
76959
93233
56815
73675
96225
28526
59163
99161
6000
84518
26436
10483
92902
31483
56422
51169
19664
29416
47924
8398
64481
19895
66548
76039
15998
34947
76231
65204
42319
11980
141
15434
43956
98017
37367
79069
87650
66721
86955
7145
42024
67667
71652
84121
20959
7743
77817
37130
12834
19216
60527
72960
74974
48013
30382
48027
55319
99473
12220
41170
71968
17101
66561
43794
47027
31706
3921
84662
25134
34926
70547
74167
23720
36068
82783
91900
46518
49279
28536
36722
51404
82926
68421
43189
61225
13400
69465
93455
98945
16176
95870
47755
41594
92505
36219
29524
47051
67193
92684
54747
10122
55729
47094
44844
72067
72276
86104
17307
7392
82149
77709
92645
14012
46172
67960
60929
60984
69397
50354
75542
66194
19184
97612
46316
21273
98497
82440
38254
14890
14342
26701
47341
71062
96910
50791
86118
45823
35320
64253
96396
88824
37200
80140
1309
56013
60653
13436
40385
95995
4773
23281
79832
97214
36365
31121
98930
83079
66128
79970
75699
25907
46640
69536
71054
54537
1520
23163
3269
19589
31859
72184
42315
44980
61516
65847
59981
40809
46808
25624
89209
6163
5251
75263
14484
3579
37423
2947
15048
62385
35403
88551
21590
43628
35927
37189
99743
81767
5257
91752
94355
57193
41286
48929
33339
27340
67506
74651
42798
79860
28888
66523
35179
11795
7052
70210
55352
96008
89741
23674
39823
30190
34430
90444
91431
5672
58158
29981
69827
61844
25183
56501
64471
1780
87586
19152
80246
39678
60864
42166
74765
10903
93720
30463
76196
276
75476
70717
63188
20634
14818
44240
61762
64179
41253
33037
95679
85904
18678
64947
51673
10895
47777
95405
23397
88635
16942
35059
67357
73794
42337
18821
661
40203
93771
96429
89567
96928
44510
14988
96323
75137
75506
10125
28674
38395
847
51490
725
73985
35318
87548
37704
97960
70920
29944
15200
53320
93038
69206
39418
86343
87883
61714
14132
5948
49186
71682
27508
97633
19864
97269
28461
76811
32687
65446
62609
24557
25209
5574
58668
13215
86785
81315
96169
65247
52705
60848
6645
27666
49156
547
60702
16364
70122
26192
7265
3657
56825
33762
8216
14218
341
28195
17166
8544
16318
64688
82985
71006
1584
19967
49485
28575
56955
80831
81235
82480
36133
33357
26561
11681
1203
46995
80595
46964
41980
35132
79620
83279
82431
55681
16423
77866
54003
4242
40747
13677
18988
84414
9469
40195
21705
17061
48748
96568
71944
96475
40162
41157
95697
72867
4615
20930
77286
8119
63379
58814
94173
72317
34386
68748
20233
65807
39095
71708
54979
55224
15331
95726
34056
43028
70834
31567
54105
9261
85825
1025
84098
74777
88345
3201
75550
65305
57712
33620
74866
91744
18866
97533
58829
92287
48424
27682
94785
64653
52815
49669
51596
98792
99279
77559
39635
7765
97057
38616
95949
12673
3793
64035
58808
96824
35225
32581
40454
57201
73112
5955
36065
50786
16029
28399
39938
75869
68204
65298
38406
7394
67856
33934
99643
27757
7697
85458
30792
3253
40874
27537
84578
78347
15173
28174
80038
20682
20197
91408
97911
71604
27287
31719
42240
91150
23804
12351
61063
2392
74421
12064
77481
94909
24803
47801
57326
73282
84779
11390
74307
98221
87232
47515
99692
62550
94020
19219
60533
53045
89585
98931
92620
6045
22315
20867
52452
76331
64791
4736
55016
57962
43410
55274
55144
98678
88902
77856
58260
16023
43421
12328
2340
5101
3147
62164
52528
90682
28074
29504
19156
38920
6042
58052
74691
97706
72041
45693
99454
53099
61658
45128
90558
26736
83739
59306
27169
27694
92607
95922
84292
94258
37724
374
16340
77226
95147
74437
808
66943
70849
45606
78913
37325
48427
69194
97669
94712
14882
21690
76977
48505
99759
7620
71815
47400
71492
21742
97535
26099
13980
60901
81369
48549
19032
1444
68286
13915
92657
33815
63457
73478
14836
73344
37063
32616
62669
85201
85937
17657
8040
93090
98141
42494
61349
39074
82735
80625
24663
96553
23274
8586
96278
31936
15768
99783
65889
58915
12717
25999
41409
46685
94598
61236
81144
11157
25262
56133
87510
29120
80046
36215
58331
60408
70667
5938
93522
53875
92786
60202
35843
71706
24982
31947
15213
69025
98772
3344
69093
15556
79168
35340
7128
47058
40407
70710
67615
52571
39201
44192
23535
225
4503
25420
45652
32994
59367
7016
3303
94635
32410
67079
70595
36272
80405
13947
97244
4546
58398
14912
77245
11680
94778
1444
42078
15346
16336
83037
93144
12246
73341
86989
45464
70104
63019
16437
69841
13721
38734
84769
74071
45329
80423
82323
23027
36692
79673
46768
61415
25378
65252
46653
25060
28428
84005
13134
28600
27503
93563
39006
73389
91861
95441
64679
88193
76006
48600
73137
50287
81854
99300
67542
68472
34961
8847
12735
2769
72291
65935
60598
67113
59646
57228
93967
15608
98597
61120
28288
80687
80947
3181
97361
60425
46356
89135
73625
66240
709
94568
49766
44270
49408
81474
48309
48441
66519
87833
11109
30985
53264
44890
60635
78101
54402
66214
20760
34077
36555
30595
11555
89696
91248
36848
82418
40913
49294
41385
41008
82273
56949
5666
15704
45611
25113
3678
43979
79789
67059
86462
90729
16059
57529
99149
66737
34340
95819
65298
76655
31241
65101
72219
49773
29509
46346
52403
7309
77166
20266
51526
62170
74865
56396
21807
87785
7844
66523
99310
34105
51374
78236
98397
10084
12721
56116
54967
92764
72777
54281
44865
55835
98756
32830
88718
33592
50478
91726
76870
9118
59886
8241
90445
51409
38300
89160
4369
94723
7903
33504
94559
79048
13373
19622
72747
76786
24204
4801
2954
89461
49115
61103
1343
50387
90245
28777
39389
28685
72677
41046
55589
36021
21923
74633
68239
51528
81417
48450
58857
96608
51322
41666
37915
85141
52064
73495
17087
38500
10970
58885
73137
70506
78963
99261
47700
23370
63001
59086
68423
83776
57440
737
46458
65785
20014
91104
61639
54673
91448
12793
44890
12395
84277
81595
8357
81384
93105
99762
90063
20080
63445
93045
87923
67971
4143
97550
95290
72210
55247
89536
38413
37572
74283
72015
9769
31723
62142
19515
29093
83817
60249
35387
8352
84408
7371
63242
34509
44436
32851
40762
52121
26811
24432
45641
87805
89528
68736
70372
88044
50851
24779
60972
29120
26936
61751
74063
72872
46854
51781
45892
37722
38151
3384
31064
3909
29785
58370
66036
93690
86763
34855
20330
14040
74357
28177
49065
3532
67772
95604
15973
74912
46520
70489
18983
38854
93947
61869
11930
92414
6813
73066
39808
24679
22971
98413
66553
61179
87350
28456
74334
19516
23415
5540
41971
59493
92685
19569
14460
14537
83179
11948
65522
29338
80521
68378
9158
71418
12931
17972
35761
77616
28254
80370
74125
71846
47472
47420
27717
66960
34354
79002
85401
49876
92196
45840
47599
74099
23289
83623
49903
88327
25513
56888
33989
53635
41925
16229
91841
98687
77182
86455
22641
62345
57142
27756
23192
15505
59586
97659
22128
76021
34421
70311
88919
42279
75600
45436
25692
64928
26680
61315
94490
68303
10214
3649
86293
55785
4572
28602
83225
78034
95291
28873
70374
53921
46
18712
19402
37469
21981
41653
14762
8716
74826
60585
7687
7888
82493
4736
6211
67648
30048
61740
64117
80758
41103
68604
58034
6828
15237
82511
27579
98465
71258
17973
27202
80167
81980
74533
23840
95104
9648
68290
68536
95633
80630
13208
93730
81800
93979
30506
43117
84060
71151
40344
64463
33804
43068
7606
6800
62158
97186
69129
80669
81580
70656
82573
92175
73342
97147
80789
80595
58847
82612
4247
15108
64810
59292
16047
77142
96274
28572
60545
73586
31781
8796
35328
13829
77842
15184
47430
50042
44372
90283
81429
45326
71128
39200
80308
56977
16735
89947
99104
11364
67420
82451
28213
58882
43606
20698
1687
15727
22222
37480
29500
75559
79210
20005
87311
33656
24557
14674
7445
59347
82762
90392
90825
91959
27265
73394
81922
27735
56896
54998
11269
12875
47018
48875
71855
69083
2142
36000
75496
13305
56184
60192
63017
57223
18976
9550
27849
62667
30294
25818
92104
47560
876
39458
20377
67574
13565
74670
94786
75441
67702
47153
20485
62295
7001
78268
14170
905
1312
95956
16211
30117
98935
41539
31559
87825
37246
89760
7556
31044
93626
27520
36451
69576
50594
21500
63361
42157
86037
57092
68756
25312
28656
36247
88293
21116
52164
43149
84490
57668
73161
74670
19619
99037
80481
48020
12171
80247
72285
22251
67222
35576
20219
65305
14991
82994
44076
10263
89179
67285
12013
10126
13279
71365
17078
61677
5095
19070
26165
27259
90094
44537
37678
16766
49191
31244
57415
40663
36794
57350
99965
40675
95698
84570
8499
87091
60974
7939
88761
54959
92543
47185
14571
64857
84145
93243
2601
1105
52301
22147
24148
77015
39880
85420
22046
5154
19700
27864
46630
36519
85191
35973
16703
12151
51962
20370
57737
42508
12704
86117
46835
82003
74683
88071
1103
43159
57645
2079
22263
90761
57222
73543
73316
35578
3205
66026
97021
99544
34792
95384
78685
8263
3606
69222
50778
94863
93560
66890
79551
34364
4543
62802
61746
46899
16624
54825
50083
74304
4073
87315
29816
37515
58252
81981
74943
72893
80879
51360
72279
16776
58511
43004
68359
25084
17479
88187
66906
75697
47270
20597
94010
88286
57297
29492
97058
46697
68388
79517
69832
54454
28905
4017
24971
36962
63050
53539
13354
37735
72100
11439
28780
40913
1547
57928
24763
67556
78357
3493
77068
38177
94293
63058
21277
35288
95362
76096
90939
15974
28089
35142
9034
3208
26296
93108
2472
45156
32462
95035
81888
26525
79195
12719
67456
83314
110
33553
21193
15851
7765
85009
81934
99499
81235
60881
72771
83147
14982
64390
1348
9616
43035
75351
51172
51086
43381
9986
48707
36173
39216
71520
61014
93313
65682
9172
25686
68950
58797
77314
34552
6996
52914
82868
67683
32174
64093
81671
40165
4780
75826
9037
719
45869
76946
69319
14301
94078
10924
69921
5955
64757
86661
15364
72100
91106
67301
72658
63988
31522
33035
25917
55344
90575
57246
98623
48180
71019
43004
20605
16371
21212
63560
87540
34833
56603
663
33825
89681
87199
58280
18758
98962
73530
22296
55758
61859
39633
10225
77480
62445
22184
67490
25947
98639
64550
83883
89303
26739
41390
93952
49866
84257
31664
93762
91999
26995
64928
21427
83196
78015
615
20487
59083
56282
12307
94351
55732
92452
18212
44553
82827
84565
97573
61674
67673
7494
53508
61099
11771
7001
86573
2296
51520
97857
35664
2275
13249
99436
83927
91339
2006
37387
3280
42750
46536
21160
37429
54700
76048
25572
20819
80066
13782
60926
47842
28481
77132
9148
20606
62505
57756
16790
32666
91961
8717
72745
68819
52574
18731
15408
98767
98447
59280
19914
41944
69463
10644
57694
52659
84351
16764
70252
6532
5900
10478
12692
16229
33077
276
77441
43288
22972
65939
63145
87078
1073
83837
45743
62648
89237
78621
44229
58966
77680
72846
71207
21331
10964
48328
87346
85228
83308
67945
14347
62120
52132
22599
14859
76053
34000
28594
66077
23731
7511
42854
31996
5135
23126
68411
35775
70022
81997
91817
79963
22453
45158
64305
51687
13996
56102
1355
10587
33879
65873
82801
36235
55156
26713
7828
24485
95514
72658
3858
5667
3927
58355
24568
44753
71728
15038
81702
26698
26990
51549
51632
48496
8464
95286
41239
25758
43550
81216
73423
38697
98343
46334
35084
41784
41257
60187
79158
31063
69151
51344
65537
31586
69663
82977
38696
78509
66876
45299
42075
49472
33356
32382
27757
10676
68657
18302
45523
92134
20849
70801
51770
22924
5342
26530
4558
24649
79300
29914
12133
43031
1361
12988
18426
42354
6254
16267
14070
57301
80871
85563
72054
63001
95483
57748
88149
85203
71483
55705
40019
28533
4880
29813
88137
31431
42475
16380
7664
12831
60382
81560
82515
63070
53001
54373
342
88818
97103
14669
78192
41949
55592
10814
20173
53320
77846
63720
67136
65596
92871
55508
87542
63796
9378
37349
52113
43764
87041
9679
72265
79701
30884
53501
74744
53992
15452
29603
98041
21552
6715
53771
28926
90289
68876
95316
41446
76759
92648
4240
69362
20722
67383
56726
33785
96950
55370
55943
28778
35197
74978
4172
23035
8199
85025
73292
5632
85155
71686
60705
38915
44052
81582
97775
80067
66497
90342
77181
22763
61589
36040
5968
7953
84383
75560
14893
3419
87410
89959
50074
49510
23524
37657
3454
67205
59862
78777
91972
34842
17269
87766
63975
61844
3194
67023
67028
64761
9819
59806
37470
49900
36632
92466
3634
51431
13918
47407
39188
29858
25589
8451
30917
32806
98816
16459
31857
5980
94982
89870
25562
94675
48270
10484
77108
92625
40735
18881
14293
2009
60615
42577
3889
59024
43116
51974
11082
2652
23091
20757
4313
66269
78419
77658
78004
73665
28192
93894
20372
17432
44021
31249
17237
66888
48995
4483
91253
99983
26512
99650
41158
48476
72679
56597
58069
29687
28558
19515
66889
81721
63112
25332
41705
17296
2802
93455
3723
88968
54582
87453
69157
56400
19622
55239
55504
93863
73426
90629
89730
42268
77605
80308
4519
63334
18687
11444
54004
49902
32569
35846
1356
10911
29431
4748
48738
7885
81076
38004
8852
4599
71645
73773
69016
17483
56482
39369
53653
66062
76968
26362
20479
48278
22249
39300
97266
88500
66388
89841
96348
40151
83775
88582
97385
30020
79282
88947
79520
552
63746
2015
82736
98093
62740
40197
75408
57247
26077
64105
46374
25427
24487
3774
30761
48220
12483
5706
74749
37842
16405
20781
29633
76265
64145
33403
68102
86613
57302
99283
36069
45394
94876
60733
83784
37547
53266
21839
64885
77680
90217
78212
32922
66891
76610
77632
6499
32537
38951
20689
76558
31852
34092
45480
2354
75557
81850
33827
35637
36912
4062
80943
11692
76172
53231
9874
75919
26157
34331
28189
66746
23116
53496
82401
22397
8257
4760
2561
91866
42639
30881
97320
54196
90305
65337
1245
65124
88633
42011
96878
34123
88819
53008
47458
18966
15610
931
35423
62137
14553
94189
19801
40788
36683
18830
55716
51478
36549
18142
166
94157
65055
44503
1520
61734
46792
31
6753
64935
4465
30992
58358
95542
99454
34363
32940
91722
27293
77729
9689
39559
19349
47859
64493
79657
33606
15705
94621
73518
72598
46523
77260
42962
97058
25521
98946
74141
95660
79099
36562
5074
35196
54851
55777
37258
1301
72170
1400
85618
32016
65907
638
84803
81341
48203
15512
74772
82853
47647
32253
40212
84053
58315
69562
82153
63752
4050
34696
92051
34700
69823
60440
30577
66807
34444
27232
57784
85876
7309
61629
98888
98329
71891
34190
10325
86936
83277
13439
37207
94354
13986
7923
78957
20341
10533
12041
83996
25853
85265
11260
5072
67819
31844
24724
17097
55413
76983
46295
40447
51209
48029
1377
55942
73309
65111
87530
40260
69364
74167
96290
13876
91829
58713
56344
55711
79920
34919
37560
22375
44152
11454
17568
18485
85948
43398
84111
366
78458
36914
85548
1850
84517
9692
93296
85176
31283
76270
72980
53736
73363
27251
21703
46596
77905
68123
35868
10855
57601
67930
29541
49570
772
70037
50675
82905
44987
58174
95320
67227
85327
24104
23366
69796
96482
37307
67361
83459
41752
55637
25929
72015
78834
77319
29980
17861
69578
27240
39980
23752
81527
82896
92310
27482
32515
99228
23074
19915
36202
90954
28035
54575
86288
81954
39196
87299
2019
97523
90213
55977
1940
22843
78341
84109
14498
853
5429
16268
57659
23817
17243
45875
15752
85006
33021
36563
29091
724
55082
18587
35189
17073
54715
66084
35732
63969
34973
87434
45600
31877
20334
59320
65273
67940
65261
66848
62242
20582
7426
74444
27076
36889
14823
59771
9203
21306
61203
47426
45866
40952
26036
86397
1095
86100
15021
54297
41574
38693
82042
22411
23569
48117
3314
15151
54356
50596
68614
67687
36326
26782
97476
99295
5770
75120
74979
32859
82843
70559
46754
46185
26106
99495
12873
32694
71304
65628
9578
87233
38461
37499
69871
29006
23972
8865
82610
31778
1918
85630
45971
50141
46035
67810
96134
32067
28543
37801
2055
14525
56429
16103
54082
51228
26850
58491
62604
77587
12266
94701
29567
69797
75110
70650
34327
41034
90690
88733
5269
85842
20853
6000
61749
95424
40285
69659
22235
68069
50384
54274
5491
242
98122
7325
49226
49867
36479
8703
26121
73150
15909
20639
74394
50150
42673
1555
54269
26571
98656
22772
53930
89603
39117
58183
5696
61914
98244
86341
61569
24375
26818
91830
88355
80401
83464
3771
88075
71094
44276
17118
53987
7046
91776
76771
94283
97438
89375
79070
29271
70218
75210
65777
62318
62206
78135
10227
93574
40170
74590
55258
54318
98195
33062
14359
2326
35653
37058
95943
785
23716
94024
68575
54038
30063
96930
98848
33952
50406
35350
24822
89550
20399
13840
63696
69977
15742
82387
66597
70550
40435
70771
31433
38627
40161
79593
61066
13409
6040
18630
67965
40973
75600
31834
3527
7565
94088
21459
55200
36304
42297
38919
90211
45562
10555
68562
5956
79936
42506
58647
23559
16658
46292
18171
99705
86392
34979
56379
77987
3051
642
84622
17941
71345
92025
16641
83307
34265
30484
55927
14133
18866
50251
30035
18126
52658
24889
41301
41051
72381
2708
60286
874
66749
75233
39914
46808
32773
26001
41041
85495
83882
9925
32996
94567
18804
77852
75339
30876
14039
79516
7142
99349
95519
80071
73757
23340
65999
69960
79561
92599
62475
84387
44043
41298
57881
95021
63893
52033
21002
61450
66794
48294
85104
57164
60961
57830
35923
17743
7132
78489
75147
89456
36462
48448
48889
21476
25281
74760
13242
84901
96839
99364
34611
18198
26221
4744
30445
84442
71726
32208
1511
1846
91273
3286
17639
8875
91603
20408
73952
29832
56990
2704
54602
94779
85735
67972
82277
95398
69874
14622
12474
1695
56194
94449
24571
95863
821
30330
47026
82117
14467
51060
28544
8201
69778
52217
79608
64275
91560
66358
23433
58789
81915
66448
56451
46493
2145
58567
5571
91824
16895
28499
60955
74675
86115
27903
77083
47501
15139
35981
67347
85177
76839
91648
52036
99015
4393
92516
55553
10075
85713
58082
30718
22351
85757
5375
42669
43886
83869
50942
63820
78203
48027
9607
44945
60169
56110
95393
63377
44839
88211
18349
75770
14826
72557
43807
23028
84005
69757
28149
94193
61837
95558
55119
72976
48841
42356
33921
67283
46530
78509
3610
23609
35157
7457
94428
8713
11551
72339
54079
53276
43690
55828
98956
63866
12706
45481
61124
19426
63720
41161
3663
84376
70809
95146
12227
61909
69465
17596
18232
99241
93836
91041
88606
73822
7567
54344
21246
68618
87785
9321
29133
64764
14879
52590
14271
39708
97581
54575
87251
67888
15909
1631
75352
58720
83042
19611
17768
92989
1272
74762
62870
91454
49841
53353
56744
346
78172
55789
24417
48219
91628
95344
8746
78462
21332
66434
61804
58133
39550
21605
27854
42641
37744
34921
91346
88428
66818
81957
99495
22342
76120
72151
44513
48112
94013
87142
20447
17352
6938
85483
42846
38210
33522
66760
62647
9037
17252
94319
89087
35910
69168
22792
631
33084
9822
30668
53499
63136
81373
71541
90372
73017
32555
43470
61432
44785
70530
42170
61266
53737
92921
25545
9380
11688
18369
30184
74884
750
32514
71672
42690
97914
62780
37962
88775
34412
66364
7252
6842
92628
12630
85779
82744
94983
23304
62378
56999
26389
91578
32730
21946
50132
80553
57355
31058
46647
90732
41002
334
12394
94216
61990
29702
88955
83809
90627
52670
11611
35089
31032
27267
28262
60997
81775
70729
73366
73936
44938
27002
97227
70518
53597
77350
57527
54868
55614
2068
19636
98121