33496
40885
6918
32391
82979
19467
97591
46104
87990
67006
62119
79223
93325
33854
36158
52526
92986
52044
68797
63847
22858
88935
24784
52562
43636
54199
55820
58393
77040
26522
20241
13690
89985
83705
57547
80955
49446
2769
20308
76570
97171
30946
13426
73772
10814
62849
78461
94516
75912
1326
1643
81192
72944
5322
60506
32918
39508
70747
66700
66305
53637
82405
1630
89256
25660
12649
52757
2725
94409
92989
40179
65632
44328
52729
15765
4681
24150
9085
89170
26753
46682
76933
28881
27161
36433
66459
64878
50303
54583
49031
49255
98250
7925
38161
48030
69708
63450
37571
43100
54988
29598
33009
75778
25004
57272
86563
93167
49715
95130
18511
12398
35557
21695
49514
97083
76387
225
78518
63954
3449
4553
9127
12706
84698
7222
6454
42365
85467
62851
73918
15335
6112
56486
85956
51077
58588
42940
21826
3422
75429
9107
68576
96115
96561
88386
46590
62463
31044
66767
21044
25219
94858
20850
84374
84519
91555
55575
95300
29276
59860
4319
16657
68940
81274
63104
95326
3153
50372
18060
621
17059
71666
21855
79280
61740
25189
51635
56363
66348
21277
66234
47457
79688
50673
70656
14850
83139
19862
3073
1837
3494
11316
86506
86881
32332
94202
84632
17149
41720
32109
71090
29122
40757
33115
1899
93797
18688
54015
33977
14132
39597
45464
22422
178
1372
55546
54063
70275
43220
89204
12315
89981
86631
98559
87969
98327
21428
82384
44820
61027
58330
11756
90371
82287
32627
49939
2908
59095
96016
583
20392
92441
37129
9955
59736
28507
67718
56452
2444
55095
84965
41453
82119
3008
58739
34556
7845
76728
86377
71049
85081
74841
20488
76353
21286
68276
33112
35176
73434
68870
88090
81438
80719
59068
60567
61575
12400
35272
45991
22794
24414
77464
88895
83688
59643
60562
53489
57189
67276
69956
47323
85111
4816
25753
36102
45920
51591
65410
62401
9786
74669
4434
75629
95463
32319
62607
66381
1049
81070
29477
22714
3001
43445
38020
26702
40356
14635
2275
11253
60798
429
95039
6386
81641
86840
97036
50838
35257
73423
86796
21305
43636
3054
67117
84146
73458
71554
9310
6234
54730
44674
50596
33008
19076
65506
27362
29749
28030
16051
2856
18777
98616
9599
60618
49270
94639
26548
80078
94056
59421
20840
76440
55011
24547
46413
52233
51627
91760
92805
52898
10800
16721
23974
43536
96742
14350
30428
45250
88071
57626
91830
88642
30888
30156
70457
61564
50906
45009
51526
80585
42716
33508
84919
99315
17692
66270
29458
18395
48193
31909
70058
59999
1926
17433
91398
39173
3897
18648
43483
86953
72548
24352
6477
48930
4387
44663
49350
71258
53389
94401
93870
54536
30692
25946
63779
59058
19610
32891
17830
8156
81941
44057
77377
7155
97304
28990
21000
11720
37380
59904
99549
7756
39662
70320
74319
48434
77591
38358
86854
71666
53189
85935
72352
52306
18570
7853
9504
22583
30123
60717
28106
24674
30534
52688
93145
67398
3812
49632
16677
76953
71538
68033
38984
25563
64644
13568
13080
35712
26146
74197
8990
88579
77831
94143
53802
54267
196
20162
38976
60863
71414
89391
91721
76823
16343
82804
44740
98984
48779
48191
58248
10490
92473
78360
72803
7406
84349
64366
96239
4526
99953
59759
92241
17220
19681
15816
95165
99957
71860
65023
28429
5012
47853
66878
49133
90393
80118
17437
92137
78241
53558
61762
7220
33373
60102
66181
40116
38270
89608
78089
50542
49156
45826
88177
44753
63294
66493
77641
51533
78462
18799
55414
13857
59453
14640
13125
61041
59423
13630
55883
97246
42893
20014
42576
18628
80484
98325
84480
43038
49444
73770
10155
51409
64076
10534
59076
86397
64748
11466
88176
7258
65503
60763
66512
12835
913
64998
15385
85093
7633
73765
7021
46720
36513
35438
79709
19181
39566
7576
5027
41486
17917
38691
44877
44677
52461
38264
75463
51218
32752
21947
5907
37614
89921
41806
41461
15905
37782
70677
66831
37829
63699
56644
95219
35874
48648
13424
763
59162
70361
98196
70854
98249
40701
79475
70296
69844
98158
62572
92111
87043
49778
2227
67606
99438
97601
11603
53385
3596
65971
51509
31444
4297
16862
69839
19885
24131
92774
45469
72078
38110
61361
61961
2778
47072
71222
83895
48809
21915
76001
37311
9623
15939
57647
28629
18420
32261
17768
91115
1672
65313
17389
19537
77695
66076
53586
7413
5478
52759
49732
80686
75135
15696
75372
76290
3334
72429
64936
79090
50097
97225
52958
97399
59569
74062
46707
2022
84714
91517
85016
29080
60288
94005
58351
98988
33473
9659
583
49206
39926
74876
86149
99921
38529
97842
43528
35873
79202
21603
57357
74923
18631
59981
51192
84310
18882
22693
11199
39557
96282
22411
94093
10945
95199
31161
20185
27564
3420
88201
64317
27892
19189
49921
46639
5174
28606
66504
17994
26303
68836
53145
92253
22049
29344
1241
51994
13139
56585
58974
68240
50789
4758
49846
41965
56644
79449
55602
85157
39626
76211
70354
94818
83114
90152
3063
41704
10600
83552
67863
1824
62348
27102
98374
98676
56929
64759
34035
1391
5558
89333
75734
67466
58837
19153
78228
65298
85143
7570
94406
83208
74299
21198
68461
35538
57098
99965
60165
92276
98791
53754
97451
54193
51119
45798
92594
38719
36099
42019
13300
94492
53376
23487
48215
50835
75104
45281
25483
69620
27453
66837
40018
79778
4175
91756
35795
21726
77506
79190
66323
40444
33345
17352
62742
18425
44269
27362
25759
64758
82747
27976
61444
35686
58953
24924
73218
78204
67629
53505
13060
26537
88399
37422
19256
26017
70899
14097
59822
3228
98139
16981
79308
79182
73547
81849
95941
53476
76002
52689
86664
94925
35199
55875
35768
6531
36582
6691
35847
64081
46610
73923
95732
32471
52769
54322
78482
42150
54324
38630
40048
78520
8202
46537
51548
27074
78841
11169
19818
10396
12908
7814
62429
70557
73254
37598
40260
26748
13182
2728
92477
52591
58054
85383
65493
69136
43774
82004
99069
77167
6748
73831
8594
52731
57804
7647
81597
26637
98653
64173
12187
44379
89965
75140
73891
24085
42757
23238
49715
95577
40435
69003
79557
24547
55663
67066
78223
7613
86388
74250
53361
36032
90167
29491
88584
89754
51823
66232
22916
35733
19093
23050
11309
30171
13337
18751
13351
41180
53323
39592
26269
81682
3998
49819
18118
26012
47378
74454
78850
12168
62978
3497
46962
10357
77440
86042
93364
51728
66865
78819
59709
12026
20826
38891
24394
22965
64554
2469
99708
8780
31099
48612
97757
99075
87821
40763
51669
21136
13581
21969
96394
96307
75376
91824
78981
84421
51523
11371
38480
66727
58073
64115
6446
57797
73584
17335
80730
16491
95099
56982
50596
34123
98552
7596
24669
30460
38964
49376
80080
65376
63405
55147
75383
41791
5982
83627
48941
67702
43222
70997
52846
37670
54903
76769
7937
1879
38039
31370
17232
94830
5581
76469
720
52884
4741
2096
56519
67234
761
95865
48755
46400
10676
9008
95669
91562
98960
26299
73645
91729
11884
28120
96958
61175
8442
68513
55434
41417
40756
74558
3514
62881
80728
93836
70902
15033
61590
18409
94082
5391
8259
44151
86754
58310
79708
83509
20216
4405
27959
58131
50786
44449
2673
70457
67000
73509
24624
58457
62866
30784
83576
98741
85480
78
37268
30863
48149
19784
53908
12732
33225
62088
63851
75409
43707
1987
97469
53154
41107
98513
60603
342
96884
35402
20960
80677
82701
87315
41183
84293
20799
89375
14689
99441
55782
69691
19773
63958
5951
44336
99630
19342
35478
54478
94948
86749
82774
24724
54502
71455
47617
97430
44843
6767
83196
8968
43521
24496
56515
69954
49081
19820
7603
74953
43175
25103
57169
85220
39627
46257
38068
46367
7912
71121
79065
1240
7494
27718
55550
6600
97253
44001
7651
61101
97085
46224
36869
89243
23161
48564
60488
26185
91827
31674
52865
83189
29283
44988
74589
65883
44589
16829
20691
36272
67444
28193
8817
56349
97382
78541
36149
13069
57939
98088
82586
39807
66017
65945
92066
4056
27017
24505
90175
31735
6955
88962
55433
15781
93477
95407
73509
21477
70709
19530
85119
36219
43288
10730
6478
23753
73317
72937
82198
54794
75116
66997
56264
12265
7166
56912
67138
9268
12397
10209
11704
17419
90729
91386
21806
8831
67925
24599
95929
72429
48554
30073
37689
48838
96774
96180
64103
79517
87960
49449
60288
32895
20450
1114
98037
86482
80514
16297
17881
80581
44242
9926
66804
22299
99740
30612
93868
23739
2444
30126
41137
56808
35439
9225
98604
67433
52013
98288
24010
12610
90512
81911
10563
99826
92390
13443
57676
74600
24849
3714
56778
63636
12441
91578
55692
39906
93399
42997
38092
33538
48920
88792
77435
94372
78550
59758
7531
26664
42436
25656
42838
53995
89288
60375
2296
89696
2015
11684
13102
72267
35983
56077
10121
95319
4260
21855
45794
70912
3647
51059
52311
15916
50321
72270
49179
98214
6002
63699
76589
59310
12700
33703
48262
60249
91108
68706
64269
54666
1174
64166
85449
26154
52287
31166
16360
52245
59842
56762
18961
29374
31586
53086
16715
24871
44988
97805
42422
45649
43301
4174
42828
82388
32409
97634
2726
13700
5307
3686
25148
78067
85952
82478
89219
80049
87635
75947
43540
81724
73887
96219
62111
51113
33666
44889
74969
44197
13706
87329
16221
41995
23106
16634
32014
51448
39092
1690
20475
98333
18409
10824
93558
87482
43915
95862
16827
93415
77916
50441
51517
71837
97851
32078
44956
61849
36320
73810
80506
43209
95050
34360
13362
87354
95703
29481
90607
34034
32736
34014
79399
31598
43865
11343
48309
24548
92183
12744
12348
56396
30823
45918
93275
81273
81536
78474
57619
49143
24663
67406
3779
59119
78826
9427
96556
5697
86477
31758
20045
74466
94837
94417
44365
82019
53389
73822
65245
97869
13539
24397
52924
78755
57931
998
51642
7319
43612
85597
47561
80858
35093
77939
22421
77660
90621
24202
37515
16587
36072
73658
77409
90748
65128
80497
35726
87774
79193
93517
33904
81466
28839
97226
70035
9421
47935
44140
13585
97248
89213
65060
42894
84400
76057
50663
71276
33714
6284
81740
76801
34606
48647
60235
58125
29910
89899
39394
72951
545
66529
80013
9702
16961
264
39910
27797
18852
25319
93687
24879
11034
62706
57284
74196
80645
75037
93969
9103
40507
3736
73717
35694
61216
23090
9385
56669
2469
96094
53509
58090
4909
53328
28039
20859
18626
74330
54957
95019
58746
45665
36600
34569
38659
99347
81079
76967
97108
78611
89714
74401
40011
66926
65860
54756
8739
16140
27883
57792
1929
18384
36126
48318
59796
32995
17892
76581
91076
91747
88149
70960
79762
10866
40752
94198
73740
7740
33628
10969
20515
28396
62615
84331
3771
94207
77272
34587
11689
12558
10683
10738
88298
46796
63347
74278
67102
10460
76349
87017
47263
41746
85500
22978
91452
91061
80715
47475
68260
75165
19629
83259
63135
35275
90759
13052
40751
51655
48163
34091
72130
63596
98437
11331
56474
59673
89450
75688
73443
34798
93217
61823
34091
92957
15697
41815
99556
29448
31193
69295
67838
87659
55377
84294
73026
75740
41395
4402
92679
17422
92476
54855
9278
34889
77367
35712
85510
71497
27007
37599
95082
31251
88438
54162
86031
21901
37183
61633
61591
37527
67684
35092
11032
46613
61359
51485
85125
97079
79128
6706
52139
38911
7189
38795
20725
72356
43245
94065
14134
94909
60300
34437
84440
69663
1519
13004
41176
43291
21213
6373
13307
79986
14995
25481
61537
76261
45418
89600
68241
34398
93366
40629
30291
60711
9928
91614
6823
22361
99665
48729
68977
58888
31017
37553
98542
96522
26971
76796
54107
59157
8947
27800
44291
16755
3726
75691
63631
99093
31422
11654
59494
59419
58052
47002
67319
80174
44786
25021
46963
45712
22275
70089
62573
8255
35114
14756
7378
27959
71091
59741
5176
37279
60052
75980
1653
36754
36717
6123
61865
68656
9328
8505
48484
40236
26376
45261
81955
81911
17454
25210
62136
67308
39670
73882
63639
46998
94095
70853
88002
25016
837
76803
52694
63199
94698
24404
25752
42223
39652
30124
27706
85269
1417
17098
7155
92859
25061
71081
98365
78268
70076
56284
48919
35645
83716
26080
35248
34565
89509
58060
20859
37690
36937
35695
18652
35120
25317
53988
41065
13699
84296
68543
62111
98264
40231
54661
76548
88593
9988
47574
78805
54557
97711
82164
22210
56759
93678
87187
98257
16144
80621
74592
40672
42440
78022
51057
21761
61676
49557
10355
9541
26397
81366
10317
73007
92130
35494
21914
23204
62845
38926
44089
67731
60906
56300
21644
45910
2599
18191
97534
75605
67497
97446
17277
24722
33357
63992
8374
40135
71772
83319
12154
5740
11613
66339
43240
83494
93903
78699
63409
55049
65990
5788
33479
83543
45896
80767
81353
81958
80713
40619
99453
39959
98339
53769
54368
68629
76411
33112
88317
43764
14096
88583
58874
81929
77979
819
15944
41906
31272
22028
95591
90347
29154
34027
74359
33672
33181
91405
90127
52660
99050
60965
97774
39462
56381
32908
62603
51200
27314
74156
93718
75714
62779
51246
64475
70918
98881
44226
89443
37842
50086
96448
5405
41080
80128
76717
38679
31959
74533
14883
70063
76396
56348
34770
75438
83916
63215
68686
14321
14229
46715
32115
60039
83430
40484
30401
20484
56020
65344
82234
68083
48813
48651
85447
78452
38336
12544
98706
6728
98135
40272
25575
93733
361
47703
33204
69831
45708
44347
43272
16961
82763
92694
24522
27996
81208
81014
22573
6079
78931
87212
86382
2460
47621
62435
88683
4152
12752
97711
28449
58119
44794
93950
40729
10089
37596
59562
77908
21164
42753
80844
86042
53454
56856
70025
42691
82284
62121
40314
44878
45332
18735
97356
839
65587
43517
15060
31018
46899
38334
40778
610
3804
68101
31178
84800
97812
78625
68327
81986
1476
17810
1869
97002
36509
11219
53560
88350
58067
440
38839
42742
28828
30868
8036
19495
48428
9321
38180
31706
49098
77670
97343
80261
10000
31246
12958
90155
6417
69682
42201
58711
59255
17713
38990
59884
8826
84348
20753
88656
36815
22396
75426
27785
23552
99300
87203
75153
4356
82507
25331
63888
51932
96214
80142
64005
18626
36622
30196
68345
84232
2047
25159
96623
24682
34161
29209
47446
8625
55756
68748
87255
65719
80907
10223
5229
55722
23820
7191
23210
75861
5254
11958
34530
76689
39847
82508
46750
1081
90080
44546
90790
36227
54426
29435
24480
69922
12481
84309
91935
76580
21541
72679
10955
97435
74183
79164
81461
59820
13896
73473
50111
7210
16471
80356
43451
13923
5480
82051
48920
44223
14791
17670
37776
97113
68408
75482
62281
33624
3602
42468
97809
3921
78387
77951
67445
22448
18865
82637
60928
8895
65630
84547
16159
67712
34018
60689
54567
43658
51492
4957
95757
96046
72267
84297
5945
76477
18146
60551
196
89284
84250
86927
59120
12466
39140
74760
14043
1495
89313
85431
11763
84357
70293
88967
45595
89097
45981
2964
5787
45625
89328
19141
73825
45414
86187
79365
40024
90634
3570
83211
67985
1262
2012
42799
44275
17863
63285
15337
91660
86750
69136
29738
78315
56817
48825
92596
41788
50482
39789
68543
45610
17210
35599
84075
70529
18030
66076
2100
4247
10664
54346
74508
52093
43135
26901
79858
22656
39659
62180
82971
21024
19130
48336
70288
6899
92203
14786
52143
24122
34653
25761
85259
64837
19534
21820
72724
9387
65419
34804
69462
9381
46301
26917
86380
42764
15683
40434
78144
76699
30500
64164
66379
90824
76838
18115
41863
34466
45410
24928
52823
39906
57069
67444
31045
38873
57121
30204
45288
11052
71080
89214
67005
52487
89752
45462
89694
89481
10237
16114
77178
14983
54532
40069
92380
11839
5205
75607
81671
49205
70968
34228
21960
46537
78569
78373
88655
43434
91033
91027
89379
30353
37707
90018
55708
4801
69381
1624
19283
82540
17523
78481
27971
97547
59176
27650
85141
42488
48650
94490
40483
73264
86154
85834
39631
63477
34656
12282
18211
46590
75159
623
47764
86723
22267
27346
4752
1653
17387
49782
1117
43812
10006
64835
58727
36670
29699
48177
4586
82293
65802
35675
22448
96955
90344
20032
51515
8863
72263
54497
30354
44055
11030
65088
3478
10302
61952
24784
82225
86491
38243
86158
65541
93483
40531
58429
43399
18426
23483
56478
3774
67597
79120
5973
32193
6073
60167
91147
12563
6766
77574
4460
27652
22262
36041
56179
26514
84215
92934
39465
13985
57811
48605
28348
57037
84748
70843
95374
76292
63432
82345
6174
39648
77784
49926
96518
4249
93193
59301
94808
40649
39398
10242
37816
32441
34017
60617
11558
99036
97725
13321
6453
63078
40808
7864
84003
54840
65758
39092
46476
22014
90908
55986
46664
66199
82586
93927
89370
67375
94621
61184
86468
16241
91501
52381
57748
38764
3518
88179
26698
69
31673
68184
71596
86050
39952
62010
57780
89788
14778
57363
51020
4618
34016
91775
35248
5389
47018
4371
2031
62972
93733
2384
42768
72029
56699
99929
51560
33500
58956
44026
5215
39791
88098
57125
60728
30691
96247
4688
11728
45171
74979
9373
13381
55763
52743
97472
62042
82471
28684
64166
4560
87559
25960
73644
70619
64940
25415
16139
16709
72551
72879
80078
55243
64693
72281
16142
99288
65200
8862
51409
2741
78499
13228
25819
5868
52667
35325
23160
25562
20441
13798
44264
67582
16318
407
69511
79276
43678
26252
83867
923
33003
77907
53920
38924
21543
61649
19014
29395
16412
51956
3519
2993
54100
4968
11720
70921
11097
2840
22686
87955
85953
3114
93493
35448
72070
65040
33044
36438
63596
46513
53640
26882
55708
83586
91440
24544
76044
3977
31855
25572
23427
70349
65816
61844
72759
53975
57804
42882
306
64291
39117
47437
7107
63907
45220
17396
57877
64473
12576
54915
63192
80886
41621
51694
41598
75084
17177
28970
88401
92919
82082
2058
70782
84362
1721
64147
5688
52732
47
72170
42581
90435
68489
71025
52188
36636
51253
32411
11522
64958
60639
91958
62569
65258
40309
7527
20905
44950
82957
51037
78250
91048
45760
19188
22344
55150
41172
49715
41671
90277
15154
15837
14052
66597
14945
62961
21336
22213
10030
48
25021
76356
26978
39021
18017
13130
69570
71121
80041
95894
91269
29187
91382
9538
18385
52998
31208
9544
78701
27226
56109
91870
95616
47168
66146
87821
6134
83749
4358
3544
12674
24040
94703
61472
65163
35306
65392
61776
56806
37169
66577
98797
64847
30628
91567
32675
57662
97535
23839
24347
26416
25404
52707
9042
19879
85736
19944
89990
22987
76174
15194
7448
24153
13817
13620
77130
74809
49573
26829
21967
22604
66964
78530
51314
51467
32970
88532
38546
56590
39563
54910
67065
71443
79126
79885
93652
64734
62265
30870
26792
69825
5547
72596
76925
61930
7020
17570
27478
72886
96802
89073
85064
77603
70331
39933
5639
29509
33676
8799
59723
65082
51110
27397
43159
71708
20092
23724
62583
39067
18244
80409
12112
76882
21464
20073
12313
44221
68197
85576
24109
47306
69279
60520
79613
82467
23037
76995
36543
87818
57558
831
84722
39062
52503
66850
43290
63273
83767
45613
20457
82402
42989
61769
50210
62227
56706
25278
1253
72254
99857
88092
62962
10779
41990
38340
24250
80975
22917
70742
28166
31286
91216
32058
34606
19661
66039
23930
29070
4250
68894
4805
23672
54501
34386
93883
28108
16876
21409
71444
81006
85020
76721
80482
29131
60500
81383
26044
81364
78270
47345
13067
13711
97132
79326
46
5754
89891
7212
54920
54193
19106
74555
91918
28709
92328
34164
85760
30184
2234
64433
23772
4198
96392
97497
50776
34784
36070
54193
60431
58375
1554
46164
72409
64352
76763
27037
50747
45337
79348
22855
20387
67660
15364
62423
51545
26989
9923
35915
60132
50972
23992
96924
40257
63321
95547
23664
68195
11438
23364
36459
39441
3961
58359
2579
9696
95688
82372
82704
87262
30991
39787
85116
17257
80122
32787
33107
49390
75952
88487
72029
63363
37293
80930
42384
60810
50655
25528
61920
5959
82938
76500
80827
10419
53317
47305
487
89661
81787
17033
78147
30903
36440
73574
89762
2667
74773
96705
86562
52687
29721
25347
1257
72639
20298
50559
1878
72273
32854
87255
68992
99098
83875
63627
3046
79381
88174
63396
89157
94342
31829
51416
87681
11797
12508
11826
71839
88645
9777
54692
92098
57451
98425
49370
62130
3134
65356
27854
38936
86531
73443
73982
62981
21359
28302
79280
22882
54345
64319
80765
76827
62737
99815
88227
23174
28902
3007
53237
65419
67014
22186
3610
93211
6238
73612
84483
8043
33715
62634
8462
30656
48738
78826
94956
82642
45639
38639
52248
98510
83273
13090
78725
55810
29865
57123
97139
28975
20899
42389
76675
10237
37841
51307
38477
9148
40517
26778
44363
58736
60375
88303
73313
27309
29827
89708
70076
72346
21433
44603
35118
19690
19250
35012
55370
32479
34963
99192
37214
68494
11100
51336
80738
71434
7431
75587
42816
94616
35484
70611
2577
12130
84736
30262
70243
48525
16076
8857
25705
25954
34887
1499
4676
35863
79574
5751
30021
2596
25101
29920
34070
69920
58691
34392
42749
39077
30353
10963
57215
98256
62693
52315
75609
20622
30334
31053
96759
78309
40528
15075
78742
42279
16905
18082
8599
5412
38605
77132
99704
76063
63597
27066
35950
86262
17147
94964
85397
2933
83883
4898
69399
67993
72152
38350
95303
62860
77372
28202
95274
87817
55129
80236
55275
10324
12087
60949
70197
77748
44468
28
1678
42893
25665
26110
26301
68683
10990
7656
96516
19111
72444
85733
60454
53297
29016
24549
74207
24919
53065
16245
65876
27178
87161
73247
89277
21903
61851
48090
56851
39407
25010
55660
28259
65019
67255
59932
64053
99222
87878
94858
83297
70423
28970
16831
3551
73363
42595
43577
28934
14800
9654
59110
16486
67194
72443
80916
32262
61016
39823
83158
20502
22083
60307
93861
85399
81864
19693
13396
73623
46445
81285
59889
30015
3495
15533
96855
35640
96398
13401
51770
24032
67254
31214
30606
27235
30656
1571
47180
23141
91962
22189
83515
74780
54574
49498
88380
33400
21192
60845
48939
15855
62949
23544
64379
40276
2798
55013
43869
99957
15755
45308
87586
90963
87635
76515
15646
28869
29505
30496
1
68200
20888
7204
58311
39978
72076
8472
99222
13651
60818
85117
51548
14530
49752
46802
89813
58778
10100
6646
9923
46915
7897
7725
2366
51679
7532
48902
75771
86475
34539
6880
56472
54213
44844
33663
64892
6387
25355
78033
20219
25608
35633
51147
75806
17170
87565
68306
79111
28934
26184
11899
6292
40244
34043
19563
21735
96990
76586
5824
97410
32848
50486
85835
93557
14695
99318
85716
56692
12202
5399
7395
12854
20879
85937
819
76621
89185
19475
82211
56074
34042
91202
77317
82217
11288
20890
52529
18859
74401
93545
14165
50021
96077
60815
59755
32050
28977
28479
65782
57051
62920
80049
96555
83539
78176
31381
79774
87211
3826
3541
19618
36709
98253
28943
28320
16942
2468
90327
99885
72551
57792
37948
5131
70054
54217
96174
60016
12837
47071
73816
99648
68283
47256
74513
5905
53423
51070
18718
50144
95801
47555
13548
84103
50438
45880
91323
37245
95297
87347
29949
31334
65185
50055
59974
46071
2657
25493
84998
85838
63861
50571
29557
65927
67142
30969
65639
84652
90071
82741
31313
7629
43450
84306
26822
51378
62545
33915
90292
45645
39258
89208
64953
64624
87627
3928
97037
5642
67557
26704
9141
91858
25901
91575
2590
63101
83434
95470
31693
32682
35576
93519
65221
61970
83544
53413
51484
58383
94108
71546
57737
22950
16483
97109
27816
49189
98302
14546
82566
30359
58520
46791
79382
13293
35923
89902
98599
86712
38490
14467
68904
67134
6706
42309
71515
80680
83185
86608
86134
99575
37684
97150
78092
47577
23017
30563
81214
17903
42844
21136
3725
60075
62581
32799
21973
58814
17449
16273
18675
75739
507
81140
3144
28710
43842
78134
92954
49594
5069
51082
21946
14257
27989
54627
72730
34778
97447
15037
23004
33610
48850
43106
68518
57530
84851
72982
98237
15558
94141
87552
40625
86501
22088
16718
71337
20296
86860
27080
59050
53376
96556
53200
36530
15181
94245
63781
8445
25673
22800
59507
96351
64266
94027
16184
1705
67683
51158
61155
33572
70110
47025
71558
99115
17286
57375
2656
14489
54724
43733
49763
64443
60734
91755
81168
25036
15489
84502
33844
4911
38650
45801
10836
12475
66959
81662
71200
48632
554
82570
6479
49685
84128
7658
80485
5113
73544
7755
75697
63540
44172
32675
48875
50058
25938
30949
87135
35155
51468
59302
23036
9623
91958
92161
78597
31621
81095
5856
47777
67274
77443
17740
51842
59456
34307
56832
26579
48648
41827
49463
92454
11351
33556
73585
56661
32844
31008
82532
65141
61094
87815
47078
43325
79164
1075
57213
89616
52322
48278
76476
15559
55298
16636
39904
23973
53383
63238
51249
89107
51833
83676
31359
50895
86449
71449
64376
76289
60378
48913
45504
37108
53259
21375
39125
91960
95380
61441
66071
55402
40496
79890
24789
30393
70054
23649
82506
9658
3305
25912
94731
63298
75401
92469
48730
69869
49805
55206
64882
19156
95395
63915
66471
71035
7686
33222
61077
24775
96434
78045
68456
25230
46311
51832
24849
27561
66759
78917
75335
36003
85159
18265
74514
11714
82025
28885
20967
28759
82844
68921
54684
64739
13817
72328
18109
64373
99437
25341
18971
13757
63037
46989
42778
66432
83135
20542
12580
85051
46076
47937
49934
80409
35304
27094
3919
60596
40448
28661
67524
59760
54156
23527
32262
7298
82214
66578
96069
67646
52688
94660
38814
22981
99627
97878
53233
99851
75394
53268
79378
1166
67163
2155
253
76467
71942
28748
3537
30752
83750
4576
92618
36924
76294
33036
93282
53549
66136
85461
13462
26116
74619
81305
89775
11352
5603
75690
55687
47347
77267
82920
32940
66401
83001
15546
29414
47492
94799
71058
3048
72626
78377
81879
69542
44389
6778
66127
1390
81334
99391
81049
33078
74576
93349
57356
84232
86942
49755
44754
67763
94507
83954
30741
89432
80034
68172
36477
78134
21454
91501
78916
8390
65803
43413
22418
21211
50046
21198
65908
67911
39711
41395
40437
51657
87192
96861
55077
6051
17598
91238
93872
98199
54038
17891
70707
52284
13880
90746
2676
38925
27177
28982
42802
71506
70608
94376
7833
6789
96705
97197
75855
43939
73460
5826
33602
53531
20562
89050
18730
92341
67302
98989
1484
89387
19582
72359
17328
63185
13156
64717
54190
35833
46988
11551
41343
30496
91824
25550
35235
86632
23756
7078
21981
80909
47985
63349
28683
67812
10979
47404
39916
8460
73761
67035
15612
5365
21680
51282
60149
74195
75255
12426
66509
52087
72793
82069
77298
26226
69076
44129
38195
81289
5024
30223
99851
57581
59899
55858
41255
95640
33639
99920
20155
12022
65068
9385
61779
8705
4469
47085
91585
62146
23479
86383
9764
21501
40828
74782
187
48329
79892
38381
21688
62523
35578
7101
9537
10624
72593
11144
45522
98334
45900
2450
69286
91175
25748
37750
13049
31328
94224
40978
94173
3035
69732
30436
12936
10374
16810
82492
65803
82025
14659
36306
56316
90175
44303
17535
935
10199
4579
68754
22263
65283
71589
34711
87372
89234
91304
71475
24017
4634
3006
8436
59552
33264
74144
93755
97346
66068
1373
10822
77339
33950
9045
75889
88909
75174
58665
41044
2940
38430
4408
86173
80734
7921
38138
98923
80483
96471
16667
73415
95465
74340
33576
54276
19862
95303
26498
86706
84388
7608
25358
2562
32395
59332
62
98861
13299
55781
24347
41757
54633
67098
55857
45447
63229
90620
62113
59184
12181
51298
5448
84655
18265
113
89773
30681
86228
89646
26613
49313
95346
90209
44258
72140
45530
61605
92195
14959
14366
59059
6515
38859
70627
4144
45623
55461
7954
66153
86088
99056
18908
48579
1790
72492
98413
5270
39093
41620
16673
28422
74388
14616
79514
66618
35155
36102
51923
77827
9472
34705
87751
55246
81451
96503
70840
50035
41753
52178
76248
36131
99305
47314
90797
60180
64526
12356
26504
64990
94310
67039
21495
26905
93448
69081
44297
24134
68092
30633
85961
74415
97933
96964
86237
97696
58909
23500
3180
70819
1223
91302
20301
37569
655
42500
74489
9048
91215
973
31849
87133
10729
50519
30270
97558
83590
34074
61555
42636
32517
47136
19564
60655
47802
39841
54342
30124
14092
51565
24714
8580
95103
97384
78346
8734
7979
48573
88685
47080
6113
4808
17105
61580
89540
71066
92799
82441
54049
60439
67877
4918
1237
25783
12462
16017
87648
25321
83619
36642
49628
26429
78325
61106
17918
89055
26371
55784
15061
63824
26791
39635
79201
85350
24763
16030
73826
16034
54438
22676
57815
73762
1244
5764
45457
26557
33509
58815
38971
54876
68090
65264
70350
73328
28344
18703
50159
41948
37386
65648
26120
80864
14891
38779
70881
18014
39461
56774
59702
36890
21347
58779
40183
23275
65859
78334
95534
41737
6602
97386
29173
28970
5490
75783
81741
70397
92282
14709
64472
77453
3409
56971
38963
24621
51865
73826
43775
41510
62475
7014
45031
5817
911
44088
15412
21035
6438
68083
76110
32893
61985
92295
50878
13115
63812
77709
42537
27347
77975
40772
72011
68657
94943
39217
43235
11186
52950
69273
64018
31523
94193
2846
49655
95284
83366
52965
47820
92884
39328
57973
614
63163
1857
64686
8693
69779
68576
1232
11215
67687
79199
4718
71215
70270
13528
7166
17912
19377
54589
59201
97281
26280
70420
44719
44828
56329
16924
45971
17487
58978
93475
39702
59029
26133
96839
1362
10077
31716
60856
97465
61358
88382
60181
6786
63509
80612
10057
62417
58526
45660
2551
95272
73105
59033
65435
7358
48419
69567
72781
22401
8145
49364
71085
19974
80116
71265
56152
58403
72670
73537
98561
94051
82279
76981
8815
82810
64351
5605
48681
29136
39979
49915
77863
25559
45471
98021
86829
61681
84038
39699
48807
62087
33040
16321
65242
60219
50368
7713
40210
48492
63261
64015
587
6267
2993
14633
17127
34210
45436
68452
97131
57878
41938
24911
22899
8152
48430
48227
57982
14282
16348
45263
78135
59381
94734
69909
5686
79650
29632
45079
58169
19941
88240
80283
58124
47636
18187
52421
91749
184
88320
94104
2186
53035
80905
85496
9001
84311
69431
66673
80344
27302
78554
36593
78256
6915
56260
67860
30807
16949
55157
7850
32039
29168
15718
20912
99163
40542
98802
37953
17281
97093
97930
10333
64052
49821
17371
22215
96810
55892
32977
19949
82343
13948
39830
1242
58472
24037
83553
35455
32125
81145
15964
70034
42591
36604
41843
30194
36970
26179
67234
38471
46688
55797
65238
81392
75004
28723
12242
83677
40974
23118
45016
81240
28508
11433
13574
53488
18755
2321
41371
80040
75806
93104
8815
18657
32519
89884
34622
2866
84862
23571
17883
54132
88063
40771
39809
73272
30771
72643
87565
69340
98586
85052
4154
49796
31126
23356
96321
29904
5359
64086
12225
5273
70664
21140
1723
76652
36717
46741
50470
12361
53692
15044
3793
97670
7511
88812
95898
88568
98429
21059
6563
88336
99132
66288
82588
20392
40065
82126
4296
57643
23285
71519
47993
43377
25022
52946
96388
85704
1732
13864
2597
75896
10614
8033
21862
24852
6172
19824
30456
26617
6812
87820
84734
61578
46741
62135
23862
4063
87594
8328
43685
44216
60200
72469
51834
7631
52817
74285
63743
82867
46745
99257
84130
41506
96881
37339
67738
83251
39854
31529
77299
59555
99852
78266
85599
81217
90949
7863
19582
24186
55740
37600
23661
92723
36508
56598
96756
69069
2333
58658
90777
971
21416
22330
88553
80337
15194
4283
92647
13173
48505
6308
15709
7957
96559
52051
38471
98323
51538
23165
75087
73896
31470
48901
35652
7794
59741
7961
50209
25438
18580
6261
83628
48685
39319
36668
95174
73780
56748
97522
9019
85943
85589
23357
11188
25971
61108
62240
25289
68878
87746
12506
31841
53441
1240
81765
41567
75781
54858
67759
89190
49568
50525
54631
37165
2341
79856
71897
22886
84383
55137
40857
11216
42599
11860
69755
2193
51864
32146
47238
47449
8202
12487
41622
24699
13723
89515
14950
98079
20719
66423
92369
73661
18949
48525
80562
63386
29937
96232
4874
24379
13462
63864
22336
30551
93330
28522
97125
8724
80837
53779
91473
48310
23966
35279
88732
94495
26501
17624
17649
38
65305
38945
60354
72447
41059
33232
56079
40707
57659
29292
63482
35810
29521
55506
37019
96186
70905
50411
90597
36235
87008
51293
86117
92834
24253
68646
25477
88936
46274
80291
54558
96912
87213
22768
99811
66634
51042
59164
44581
58568
35546
40439
61408
33039
93816
94855
61233
13023
75711
96782
98454
83474
48099
15450
7860
14942
71646
81057
30204
97779
73655
39434
49779
73103
42347
49944
69590
26253
21774
75721
30898
44855
80126
78810
80659
48399
74132
95480
61823
31783
54925
64210
95883
84092
16491
54780
53383
16426
19154
95545
45956
72315
56277
77436
19532
47226
24140
5909
73143
48670
17216
33933
4199
48988
33763
64548
73331
17839
84758
80530
68180
10348
3809
26949
85214
54918
46351
83931
50690
40925
40472
57549
79300
20821
91795
88257
21460
14697
20942
55606
81408
16453
86293
7929
19595
13879
44163
291
32822
68683
13848
82713
80381
45859
36085
32901
76537
81335
70017
48265
80594
2525
46871
35609
74601
93276
86207
63237
42159
69479
87609
86136
29216
72086
94697
57032
13184
86325
37063
39427
68004
30056
70848
45178
43974
60396
51412
69382
20029
68623
48791
97129
69125
23018
14993
56704
75643
13109
9026
42395
66838
26827
82962
21924
34714
80037
87333
47783
91752
62877
82233
63668
72499
217
43530
64554
26147
32992
1121
39911
7573
99283
48886
75258
18992
40039
83680
11323
76464
91494
94958
14178
34459
77251
44353
70011
17156
31127
57746
25219
32872
14772
18426
40269
22708
4562
16665
4149
51212
62881
63744
9040
88755
5511
59723
95866
65730
51682
39295
58618
6290
80447
50251
61153
8286
35083
21685
97732
51978
31163
3849
52130
46016
35957
55668
55423
23412
92008
23408
28635
80667
33977
6878
87204
21428
13690
34368
7619
22810
34263
55152
75281
82540
44619
26995
38581
98087
7094
92383
65486
65643
56878
3404
78240
868
65917
30248
48733
45968
7588
79488
47570
47892
37464
99645
20367
83061
82551
87196
80253
64048
50561
8614
25754
20139
53706
21852
57698
69505
9755
56593
99497
95912
46676
47236
74885
37089
61339
52709
10530
78552
93489
51910
7086
59838
283
24783
70312
6751
21223
62898
72616
27492
35093
24362
38332
24587
79787
98702
2553
92073
81279
25752
80622
44868
81029
74994
82901
70672
54527
79473
63907
15265
68133
86474
3443
79160
48495
42740
71763
32702
71856
29590
7364
78202
96472
47368
44298
69323
56571
68112
71712
11581
48225
54107
53324
73113
82922
59603
86202
42686
71634
24111
42087
97911
11819
1748
5211
19318
11300
21086
75756
68681
93841
31059
59105
22178
43303
34941
81733
78520
57025
79327
18742
24071
88478
22483
50748
66632
29620
76618
13964
22760
53811
42854
5547
57781
398
18592
16042
58192
40614
86739
25148
57835
96133
27414
85615
64356
54686
95500
49482
49040
75933
50449
85775
82380
57974
60587
45546
43405
17178
64589
75396
39355
10275
79353
37656
19863
33727
26926
66806
4811
60020
32665
6724
54081
77589
86415
67088
68014
13100
65820
83045
43932
62517
59532
40506
5008
6333
99752
21590
59013
27536
16293
49394
32386
30733
29721
36635
22620
72811
9796
13124
31994
7949
63547
31197
34224
71
35103
98177
60087
40262
99430
39849
39863
23448
40113
25187
90312
5329
31849
71437
34057
97822
81082
5614
33230
2306
73719
53237
52612
28049
56204
1051
2401
52746
7741
34295
24177
11545
93093
40912
95454
49126
86875
94014
23865
92588
18991
20955
1182
90747
50271
54927
45313
17957
27444
94151
58971
85287
80262
79804
50970
64345
40238
99836
92487
63435
83148
90815
22671
24103
8331
69389
56016
81865
36598
89839
88646
45551
47340
83946
6399
66617
55941
47490
93650
95542
95133
67123
12662
15366
27131
87127
45333
93042
20999
90600
5182
38903
59007
2240
17129
41184
96469
99935
31085
22049
61511
277
89291
59632
56384
41232
64321
45714
89460
39495
14927
15419
80215
75284
9763
17178
24812
90626
32876
24413
36079
62753
61608
7190
79659
40202
39554
9078
20228
26920
98904
51622
62932
70050
28138
33090
89893
971
83179
5988
33386
32021
43415
57188
68027
52168
91130
19359
9839
53976
20592
55912
56335
37941
73908
88137
76409
72910
64269
28528
21864
37562
62235
17148
63377
49808
70485
98787
65325
90632
56354
53986
17759
78189
98614
66584
61973
57145
25824
64546
38954
31942
55679
52308
79214
86362
15924
17819
20876
67992
9936
20794
31966
25985
87539
80653
15590
27409
43898
93921
22153
3331
83804
99889
4998
24503
31891
55079
73849
39621
6660
7574
32431
67026
35842
39481
9463
81736
84296
80038
71832
86321
92902
63149
60975
83171
89867
49597
63244
30677
32355
30338
5717
33650
29022
23701
66278
43715
88631
37617
27919
79786
81156
98941
33723
30663
85018
14092
23588
12311
72752
53799
44154
57898
66195
5569
69565
79084
33450
51055
70726
43786
1782
2182
30380
23767
22375
40105
29515
39507
36126
33432
56649
71177
62738
3825
96242
9915
30349
29083
46394
71557
85760
38857
77216
45647
54968
95584
60893
75370
77967
37015
24235
90244
8675
10864
54548
20021
41093
45557
40739
10709
47209
38543
85054
47832
89708
78977
5334
14798
63456
72536
67914
81027
53080
39927
40822
34106
99292
81277
73102
28923
59769
75494
52655
9544
58990
15282
94405
54924
6342
37128
73995
79254
27913
40689
1790
60527
73628
18059
76659
85650
13419
9208
50011
53974
40488
75280
749
25599
78269
62631
93612
51919
16129
45267
76901
38016
58736
84449
22493
81559
18309
69435
25380
19897
46216
88490
31441
57615
72477
40243
66076
29119
32973
44534
49811
39123
66039
2436
30058
52863
66272
51989
44363
81440
38760
24184
9754
76592
18367
13518
83512
12857
25590
3182
93372
26906
86247
17129
36638
81505
14677
87188
62272
62313
58750
56724
77882
87534
56801
44890
24855
60843
23578
16937
76014
10285
92952
73340
20461
26159
19652
51730
74682
39061
15242
32009
46096
32344
1061
76058
8073
80657
756
18496
33539
92085
95718
71496
81237
49095
8355
16365
76559
14541
33553
61709
88518
90066
48747
88731
19997
57791
50191
10113
29579
44324
94100
41744
48967
84038
57733
91637
4404
70765
81006
95239
18971
37192
42846
61248
41492
64996
515
34487
92681
94435
29905
44560
87139
45142
61509
35516
7297
58085
8223
13901
22220
22395
32014
90886
85535
81666
75991
91757
30752
7734
16067
70904
16333
9071
2344
14101
48704
52668
39004
78565
48251
37589
41429
3742
78093
18904
9523
98479
73396
54481
73379
88227
83952
36933
81451
30252
27679
46064
88211
37527
49217
14451
62332
82982
4898
55325
43173
93843
53378
1601
1734
62718
19504
45539
28342
58059
86297
2157
7783
49361
1823
79306
17683
16799
163
78284
43270
77020
59355
87543
38456
79174
89057
85636
59807
30229
12786
3789
59741
41081
59202
57397
74797
67332
21242
48000
13577
38090
97579
21916
92519
69801
98075
54904
82136
13332
65100
49728
82808
85871
45348
99068
33085
73943
20141
22604
80335
5363
99207
56264
94770
9526
21289
44683
85966
69265
7600
63210
68642
63627
80605
39475
38402
36932
96852
93605
62220
49085
12730
10709
93133
71113
5409
94683
58902
4663
90399
80143
34799
88145
46341
62069
51781
79671
32445
12135
24703
57195
19529
25685
32841
78031
44415
86586
17862
7630
62908
62873
89648
54297
57905
5999
15495
97890
83613
8659
45840
93862
59328
36143
59906
39878
39077
84080
57523
32551
17185
22225
67337
82171
62536
10855
50337
7776
25910
11098
97312
14168
53046
94867
31546
95513
92586
34149
41319
21254
79746
53678
3178
97614
93433
441
56987
30558
58290
35588
73037
63482
7806
62522
94117
51725
74247
64839
71315
19741
7967
27266
47794
35282
41884
40529
67417
25810
57524
95907
12625
87036
18484
57594
66460
74608
72480
28306
56227
43662
7165
32126
19
66318
9559
93945
98112
60855
44072
8904
67354
19808
92028
40235
42335
84149
52746
38632
86850
15260
4530
83662
45410
20466
35159
77851
50419
86627
11310
30838
47053
20500
77252
36096
52527
97667
78515
56501
88354
44598
18519
24575
20325
38288
2675
56091
7843
29588
57396
16519
82197
88792
68629
39146
62342
35306
22876
89387
51200
11642
40258
36628
5754
31335
92527
51415
49505
70660
13167
87351
72192
91681
76497
30161
39703
71519
53004
12174
75897
21944
87813
54557
66098
56268
60148
32409
13620
90548
4701
29604
50672
67962
49921
57565
60770
80223
42359
20492
87616
6323
50095
44449
33668
68955
35971
70988
84305
23579
13714
59301
37102
40307
43388
40825
78362
92588
63174
9192
15067
40856
63893
27124
39989
41697
50137
32129
29467
45738
16070
13291
12718
68229
90548
52257
35437
9573
75559
43701
56417
52988
39900
18310
10421
24372
2090
92530
54382
70031
15382
84775
76879
74031
23702
5877
8766
48559
9919
47161
3517
94760
49655
57821
76205
3795
1982
4852
20233
74625
72879
4117
16222
82834
82299
59623
90645
1530
15740
96757
38539
3447
28675
78795
91906
838
953
70640
73121
1264
93748
11111
52271
8554
87818
40118
95328
77380
67286
10177
20174
54610
13151
400
55832
33028
76537
21405
46569
41957
9568
17984
89711
377
93607
29814
56976
66167
39501
33239
69045
64808
19021
57300
64531
4378
40935
27180
35825
58088
74158
16310
69508
72109
50185
47305
43791
73569
90056
64065
50487
68224
18948
1023
87947
40809
84296
45116
541
93395
83594
25021
69114
1106
23078
3832
54067
12227
65549
5682
34359
50894
95731
87820
90754
58244
21646
77765
14682
3286
48227
71681
21968
14221
5249
30727
99526
3560
92397
17436
95334
27181
38341
9612
27238
39601
31951
46615
86945
18925
75501
65945
5761
56607
92927
95765
40489
70219
38370
24747
17899
80055
8166
54654
92643
59105
35280
25685
67446
77442
97921
56302
6880
80563
23915
80516
27555
98965
90393
70659
94012
15806
30130
9143
55331
78191
70985
36268
14785
45682
15067
21483
33534
3076
88057
80199
22006
86187
56078
16030
93799
87162
75781
48496
73181
22271
69580
95738
42891
17593
63361
68738
36894
70390
66836
16217
73843
43510
13532
23149
84423
51416
70178
77106
31406
64019
24549
95724
31440
40194
39599
13009
29625
36275
30171
44713
84942
36688
45177
59125
61830
13416
3836
62430
81268
45415
91346
29757
92051
34045
60329
10410
61841
90636
59633
30562
30615
36692
47975
48632
43481
27241
32618
43366
45149
62503
30369
40113
41518
23366
81724
89227
64338
76964
4223
95164
78051
353
89694
66938
27732
68350
17127
8605
40979
40597
93589
62949
99677
23374
2950
98684
38205
58773
33823
78211
38458
2417
5944
73606
85715
40646
64630
68287
55057
77387
16015
86750
86295
34164
68132
9038
56726
48881
15328
50324
95979
53423
75990
14777
4445
16231
11385
92827
4320
22421
89234
90431
30242
39065
9953
37376
41536
29411
17230
29480
84137
29011
71972
24182
82897
36045
55655
94182
94161
43990
53164
17851
23328
2267
43750
75031
16988
78365
31398
94360
30657
80465
90135
15916
7478
23761
21945
60355
90701
86883
72724
61448
51195
68092
55197
15887
86831
85372
67537
57952
89011
91726
40298
69412
91144
79771
11340
93492
16819
65273
77102
11784
16532
44894
29746
24178
67542
92214
86322
82672
79431
50260
45063
59461
82775
69142
35712
43179
81972
30666
56709
14422
21711
49167
3702
79146
51937
97017
95924
2151
71286
4332
27262
49559
61390
40394
6379
13514
29251
44100
50458
15221
72287
20604
75269
56229
65798
26459
18930
30716
16625
98049
17113
48854
86725
5137
2108
72869
19749
62108
24674
42719
27343
3739
55614
83395
18962
10287
40296
94089
35611
70403
88034
36174
83487
71909
4206
60086
31667
3609
30540
22394
98383
45956
91187
88551
89887
38067
73480
3157
9294
97308
11387
7738
9404
39892
97622
67964
85330
33621
3240
14446
88367
11045
90961
50238
90556
62721
24138
75526
63121
82390
95322
96654
45214
23214
54114
72262
62620
19255
8711
96717
8432
85717
13957
8437
20552
52674
56169
9055
41566
2283
37964
4516
19959
91910
69745
45674
26641
52197
60620
75995
4384
83022
41140
99521
85956
23722
22142
94025
36870
29615
11851
45579
95624
92642
49725
2779
82798
75033
76235
84502
68140
24566
7474
67799
43459
56708
20926
25486
23091
86014
30094
23928
18641
58342
93928
18462
66708
95512
35331
21319
31000
71430
16254
45156
77954
61719
89286
92681
19600
12224
32493
74763
96419
47173
51120
14613
26543
27675
47361
61405
71842
94854
39073
22326
35233
46578
91359
67711
51859
44712
39994
30400
8800
58479
28000
30725
60886
90923
61250
4778
95092
18363
96722
46399
73105
10491
86591
26669
76925
72910
60056
70733
80046
58949
44209
20414
4516
62565
70482
951
5754
95360
37671
8059
75462
6755
10967
43164
66680
87008
34761
30305
40754
32226
38684
62777
70250
56810
13446
3043
32698
93908
10611
35723
23649
89265
78181
37733
93014
34264
37060
48757
3650
85830
52760
44806
67089
71454
69569
37591
50140
64960
94658
93893
94579
65688
95546
71630
3557
2645
11395
58577
95988
62499
94784
42467
53590
6615
5819
61562
56300
54875
67229
11829
38078
50451
98378
16377
69745
28385
38665
26577
83676
75463
91191
56586
13686
17416
86122
85777
31240
1323
45569
51211
64262
44136
88549
40363
71250
23014
72059
71667
87801
64325
78904
65505
13448
96111
21218
37913
79404
65424
66280
7604
59605
1386
93405
75805
20270
55988
62050
79305
86068
31391
35945
85076
55243
11836
96841
77335
31824
39395
28188
12422
8882
49749
84236
42294
22985
56467
9277
26821
65119
40724
64579
9124
54645
38235
13991
99976
80826
90647
37209
85366
81071
82585
29021
37887
47203
80204
40656
16059
31187
77377
72133
88216
21716
72947
20031
59500
92082
25976
75746
16711
33219
48992
89213
95175
55167
98733
73844
56545
64122
15529
99046
57515
99189
28052
62835
30035
90639
55195
29508
22919
27643
11257
69974
9975
56050
75496
9040
11964
30109
65674
72092
54245
16878
38281
58273
41438
74294
52047
79278
52575
44532
62825
42341
55629
42394
19040
77266
50561
69365
20157
47800
71711
36660
18535
89362
91338
19447
17570
7573
49826
69554
51871
7137
39988
85343
7359
98734
69961
74033
13942
66105
57509
203
37815
26618
56032
13446
45010
68725
34587
95110
97674
26633
95152
6998
51060
50572
51022
44022
40959
20535
85386
64558
15956
53629
8965
6316
28891
28889
79839
51106
19615
30617
3028
22006
65024
36077
93663
96581
53372
88717
29472
36466
50791
2376
68187
41974
54971
59505
11718
20397
28606
21941
60711
55849
16219
48892
24852
11730
74231
62705
25095
20364
89666
50580
2190
77345
59619
40111
2401
70488
15865
18363
20490
60905
70001
54780
86531
51075
3887
57628
71854
21262
25056
46493
59697
2638
38849
13190
38942
57329
99368
72645
40000
13176
89710
14689
54100
11593
7110
4391
5006
77774
52336
27268
10831
72217
40399
96798
28717
63318
97248
59686
15038
49239
73410
53511
23734
53287
88580
31312
8056
82481
70877
81087
66342
93915
63010
15259
7876
52317
30142
7372
3717
33993
6029
38264
65561
12697
58095
19493
16271
54012
42709
57977
9790
75705
65083
49697
7468
86919
20507
76409
93693
5724
14339
37064
39065
42686
54999
43195
93030
4591
73765
95591
37089
32863
88116
18926
37868
80525
89905
7263
16743
81899
96688
29616
23132
91490
30606
69004
38107
67329
77873
27473
4509
18208
59154
15705
1873
25154
18980
55348
11385
20745
94667
17253
23994
85760
99385
49406
46555
44760
88878
23580
6191
74106
59394
75086
29399
97184
55444
73398
23639
76995
15015
34909
97183
49152
44318
79116
37450
74359
79384
52656
89869
82600
56772
50903
46835
49963
94013
47679
41313
13692
58517
32116
26565
27717
6358
13389
99125
98324
81452
77768
57829
5346
47702
27168
91338
48292
93619
52239
31450
4479
99288
2325
14119
8144
17879
43544
77118
17237
32012
6443
69021
29775
44674
38302
58471
80118
87927
72151
93297
5332
15896
17032
26734
38420
9266
224
12391
5587
3339
29876
40467
62469
91000
54256
3305
28952
98667
15637
94503
12657
11261
68139
65792
88571
84926
7300
35356
77738
41431
47443
11499
42572
18682
78148
73815
34157
88724
65274
90452
51941
51268
40209
56136
48449
73776
4730
79176
39804
10141
43987
63648
6289
46481
19158
71654
31673
34558
77354
56227
32169
3225
97598
55072
30209
61751
59358
29374
59634
74703
13303
114
85086
24524
28990
75098
7248
79451
21809
34485
5596
79538
86685
2530
79539
90627
61388
51566
14407
25343
10372
74961
99453
10966
1045
59668
45930
67080
23971
97376
99675
26267
55592
24031
6781
54972
69385
28383
72799
12794
29978
28526
58219
25479
58122
87653
30572
43600
88847
55883
68631
78680
80227
60489
92171
94488
40937
74444
72588
43056
99295
24033
80670
87946
81172
75327
64821
47293
20822
22793
46363
90023
3292
14916
62409
68685
37115
69708
37382
30959
41472
80931
95316
57837
14158
44748
6552
74491
25851
50275
74925
40139
17910
66611
7216
12942
4143
43899
5426
49656
9285
80515
22661
85662
11475
18618
47809
43089
764
59701
97030
66913
37917
71138
67946
90487
31722
60370
61762
69885
24382
4131
24876
89002
69673
40496
67406
42964
94570
21628
41203
52140
14215
92453
6905
19345
82814
42791
81705
16929
83966
2742
24833
15851
47866
36333
55782
23499
886
29212
40474
14780
72394
29809
12296
54101
54532
19427
54941
65583
24708
80549
16713
61951
25364
44592
78464
76685
26115
28373
35115
10296
5789
79782
36742
60271
75382
34362
66507
52713
76571
48072
2874
45678
76734
35493
80237
10027
79877
39867
50588
82012
38323
42096
12797
41463
77244
9712
9793
93654
88318
33016
99908
44577
87224
72414
23040
6323
18071
15601
37149
78398
31881
22248
25236
42536
15426
34797
26766
93297
3263
57211
31889
51343
82830
27203
9485
63895
62277
11317
10271
92563
17495
21206
30348
66418
57077
70634
8649
87910
28915
62601
74379
54299
62429
22798
11267
41534
96288
2899
10298
41029
48930
12220
83461
92257
36147
56486
65734
19033
47059
78479
98529
73003
18179
92508
34764
14057
47811
69355
75327
75521
45423
74024
46049
71987
24387
24928
87137
32712
19992
5662
69180
31512
57464
46914
33768
96399
99312
42727
10664
28364
87697
62823
48904
40829
93831
29662
10912
71111
28316
22132
22643
71887
24813
29175
2059
25136
41846
61407
60208
3672
87791
2542
51425
76736
43227
36748
66207
66191
54103
94633
97074
54150
52378
61913
62674
16640
60548
71153
34103
83620
37361
49105
85546
33986
73679
45599
57366
97030
47951
15397
7638
42766
93480
27253
50433
62569
73910
6940
58484
73639
65768
88914
75879
