26939
8421
72196
83632
62416
80156
7772
11549
29724
78337
38621
70369
77295
29825
72528
87918
67692
4594
8754
11924
69232
52028
27248
27064
23062
2997
19959
66477
74738
14732
72575
98941
1899
16105
50821
21423
26223
50599
80449
57714
31696
49644
81373
14770
19415
43229
18077
43089
29366
20003
2798
16326
45048
70302
47517
8615
3720
76167
69890
39546
26179
22217
45029
47096
15123
36678
50802
23747
6995
9078
62097
94020
21293
40679
54482
50278
99576
64354
18573
74953
84429
50710
88866
30525
94414
27275
74313
33866
70226
95207
88506
23485
97172
85079
85806
8932
20497
43182
78383
86035
4015
47845
73608
84159
82171
24344
16256
97356
76447
88007
31568
29699
66167
54141
97279
87539
73182
64116
6265
58846
47988
5174
18809
35980
1366
69483
9884
49893
93843
74501
63520
83621
45758
4147
25500
18148
70512
77543
76973
18013
16843
98529
62264
73631
42295
12982
73753
36022
73611
48693
52957
56358
59992
96950
84824
55797
45243
69121
68635
97375
74229
71609
1950
75397
6473
67843
31194
60453
81697
82459
21392
53389
93522
68264
84487
83746
16551
78096
12442
78270
56391
13668
90036
93161
53166
11076
65956
93114
6368
23767
79892
66306
51194
54758
28142
95612
34302
50109
2381
48303
33762
76931
66026
49257
30308
43283
3228
13251
76994
26323
25208
18625
26619
82249
78748
87730
51072
66962
30699
91281
95707
15051
52708
21281
26798
81930
77831
31637
87389
58739
92606
34455
94293
16487
8134
58718
42927
52357
45010
5756
77527
98145
63598
47966
85629
87274
22782
17247
62100
11163
34890
26788
3857
40443
39375
12619
50343
61052
33932
86257
91354
17832
90272
14259
858
92167
41472
7969
68164
96030
31499
89079
96137
29079
60469
87396
41409
79069
67459
60222
57189
86660
2658
18570
20214
28705
91021
53211
19420
75244
35813
62361
12535
92657
44033
38592
84401
57455
16494
33154
72142
60356
7691
59478
74003
10332
92786
4978
30149
97333
68903
1861
64297
97068
86201
58353
35267
22337
95732
68567
4556
45676
51354
55614
20524
65990
19218
4019
45891
82180
73061
63850
41533
36953
6744
94440
4904
50234
42574
28149
68313
39978
70775
57148
6862
3011
75656
89337
88307
98216
18473
14336
69126
31619
83545
76793
78666
45819
76230
9033
16553
31724
39091
85092
48606
53547
50842
66021
32439
15081
4514
15481
10937
48054
26841
99846
64495
21113
53386
65560
58498
81007
22536
36243
94546
19489
13543
79678
819
66727
3128
74407
32858
54214
11147
13322
12314
66744
50426
80573
83944
91567
77424
37342
3491
68033
25248
43479
53588
65491
29700
12757
5106
79528
137
53960
63945
20021
13359
19094
73667
75202
3859
31630
60288
93337
25930
5340
31786
8084
78507
66216
65276
91525
72574
70360
65668
91658
6861
83391
28273
50911
75302
2148
84133
84408
22328
95482
10026
4645
12187
50852
57256
76201
54698
95514
3102
945
5012
31146
37481
48834
70656
4663
26454
91105
43011
65371
91723
36807
76260
17311
80414
11650
1959
80911
49317
68212
45854
63559
25869
58522
47228
73519
46530
6044
69336
29261
21390
12767
26599
69086
34599
29462
90570
963
96965
66962
7756
70641
30585
80102
97559
59262
66507
38505
57274
51742
88549
60963
35996
61116
13507
88046
31274
13998
12493
36444
91389
50258
86469
23108
77852
34310
33399
7580
16635
24104
65423
37678
91619
44779
604
1538
28698
43020
42664
67271
14710
25386
28561
71613
84658
67559
47941
14661
3780
74659
28739
19142
18882
13174
77925
60558
70336
34065
44456
17525
74381
6155
89149
49795
98518
37028
78515
63417
50643
82216
1478
4120
62969
65216
10613
14363
71168
93852
17285
30598
29923
81302
26519
66699
29292
7662
86742
60761
25640
94786
59373
69917
80030
19398
10478
18541
1267
67623
10096
5580
13448
17695
79873
13066
88007
16003
45339
47370
62747
65683
52718
83374
51455
60981
94217
23694
96221
72593
89481
58760
95749
21967
60898
33015
45733
72308
59867
42197
41996
10507
86118
42481
1687
41163
87866
65914
38620
31729
36457
89709
3781
94092
32724
48807
17335
18887
77838
17132
6137
3586
51873
51154
8431
43730
66374
48101
58284
86731
1982
57722
75158
86589
9790
38625
80739
83296
13668
72203
71163
26254
48868
56380
26298
95421
14617
38388
2016
42097
36285
62355
22116
32752
65040
58518
65157
51307
22303
78905
62507
82563
25770
98988
12701
77769
50932
65281
50078
14293
48360
24821
44995
16732
68257
55880
28427
17717
89665
22871
22827
85090
2996
80273
65071
96034
42919
49884
57715
44423
50785
29654
55123
5547
76973
41580
21616
5139
52904
13233
24309
13505
23980
9405
46869
47113
97491
10838
59289
56223
23604
59920
11115
74870
79163
19712
34222
86090
78459
27594
11626
41327
48961
3703
43736
48360
38265
7194
86481
34145
99396
94113
11757
94296
92017
51614
37280
23733
86860
53730
75125
86359
64306
34390
48509
4362
98521
19640
31603
70479
72309
14226
5895
94523
40500
9014
41751
38108
23525
41324
65114
48114
65939
69622
89721
87598
98536
93224
10737
61581
67210
19295
30254
87849
66948
80185
30941
48283
94244
94223
50608
72018
75163
37953
91214
98192
67794
86060
8715
48395
34648
9213
37243
22530
63449
12366
30571
25757
49191
97229
35199
63068
60282
26697
43777
3232
79086
83463
77722
24110
39594
14377
73019
61395
36750
20001
50254
58909
20275
79427
18759
96937
93015
61849
44033
41660
58755
46315
53469
16353
81342
25125
74978
16949
83049
87355
10821
55591
49597
43384
34094
31447
77053
87981
30976
69146
88964
35674
76470
98516
22526
60601
72986
41241
87731
57554
57190
25973
30638
94501
4030
91409
66702
51870
47712
6106
37705
32526
6621
626
52464
26258
28955
54777
80698
33273
40981
6016
3761
40441
46447
6542
70000
86515
71285
62363
80116
1704
25617
28888
18604
77909
59032
8734
53386
21471
73131
60938
37228
36345
37714
49496
3544
35685
97128
58164
38501
92961
25834
91626
23895
47660
70902
18088
54736
66019
80071
33585
21052
95432
16679
91589
99786
84096
67542
61277
40284
55846
46967
45231
49271
76759
80279
75162
81915
12428
99478
96088
53263
73567
16124
42217
44993
87917
75577
73349
77173
19943
69401
26176
20894
32655
95609
18590
57646
21330
8487
34773
31482
44174
38601
68686
62207
90671
17762
50728
37450
36457
69112
99919
46540
62349
2210
53044
40419
91335
39240
12932
43491
49867
34943
77334
17703
98706
86947
37308
74454
11929
98791
99924
8481
4482
49278
35250
67143
7884
33468
57269
44905
58672
33934
5264
43479
52846
54033
11131
93942
96383
95684
7958
63604
37823
7682
59262
19175
43578
74053
82242
48978
3677
47868
25502
96537
99922
29665
45966
17536
59289
25746
55215
84480
44253
20951
51321
48826
67805
78511
45269
15245
72675
30456
73347
14552
16266
46670
58516
97372
44032
63354
1961
82304
95289
23983
72569
19166
23511
36861
85329
60595
9371
29803
829
33767
56443
77499
81324
38329
31411
4534
154
49738
96064
54093
46499
39899
8522
16070
76074
16633
37550
68755
7339
89848
88438
71301
39507
90186
28476
15301
72623
21911
28646
94763
39847
47959
27325
75692
16559
58991
23889
22300
94319
72334
45814
68871
60576
35537
71179
74181
13126
46879
95860
7897
26176
71866
56139
43554
55453
72154
43214
33431
96881
54823
18251
59328
1842
39111
91110
88259
35553
42153
72959
43642
84222
31946
6155
7621
37187
62032
89104
93590
11493
21248
99383
77899
73113
75287
60374
19105
68312
86385
2214
76255
935
17989
21956
47008
16400
73196
22467
81460
32788
89330
25227
18304
65165
56122
15582
65089
11847
3427
16557
31266
33758
79587
17262
84742
28881
84642
52237
95992
31356
15969
17496
67157
95015
9306
43440
30646
87782
38981
14321
43167
96748
46151
99401
45798
99310
93907
65743
8875
65885
79831
56321
91116
40007
16747
92302
98980
26499
63541
50272
54781
93135
80941
82519
77829
90214
28185
7145
77301
85013
25500
85237
25721
65794
23015
69416
45351
4633
13798
77559
27353
39193
28293
7675
96236
26734
90480
73480
97795
11658
56457
13883
55234
6308
92782
27034
40085
74042
6617
80362
23666
48692
49850
55642
71713
50090
89071
51158
50145
61083
73871
21002
52193
44861
38121
64457
93175
73569
32337
97790
83854
3935
67765
45892
50795
77517
4386
16343
18929
66814
89605
62308
31726
65155
67533
93488
90912
66822
67680
32114
24541
46329
75883
27669
51773
49967
25271
52764
42411
47387
83904
33934
31928
34343
13278
26019
77118
20724
39483
68941
88478
6752
89843
67649
37058
99227
91502
259
50225
35152
47804
21134
78750
61413
5560
2991
85116
75907
34246
35326
2647
75800
72254
67680
98991
46751
36204
47227
72393
39017
50936
63609
73155
34945
45089
22728
74515
45124
43912
11100
85555
15478
66155
72305
43495
71353
45488
23780
67602
85349
44140
52388
66438
2308
94829
36525
70604
70138
21068
5080
37204
96179
6176
37343
92353
3932
55967
75944
4733
67941
21859
8416
23498
52399
95724
81268
5259
35230
22720
25405
30612
71090
79076
69270
62952
97611
65982
47579
90847
57027
69481
99094
60128
90347
44909
6613
87235
1791
48924
89905
99818
40406
70818
43238
31549
75496
45346
1028
84919
12649
26598
2924
99615
50701
85856
60164
95719
84891
9878
16994
32936
14434
86132
39035
54526
41261
12140
88721
59036
26156
72984
43855
8734
62950
11251
68716
95524
97738
26184
11396
77989
42704
85265
11446
8191
98494
55880
70858
2889
29760
5287
67020
5700
44268
81849
13625
35352
41171
1665
30732
41158
55196
36430
54963
52050
79051
23441
74894
99232
32678
17028
33357
20583
88062
90701
82275
65501
38475
4366
51890
62999
79515
4296
18338
69090
94101
40321
764
95973
53955
54004
75534
37142
60607
31479
27059
94281
10891
4883
37056
34232
22976
75187
45604
30746
84163
69866
44883
6660
34897
63737
77596
55174
84777
54545
33695
9311
33740
12851
35089
15624
43423
73622
2602
88659
37794
75591
1010
62877
66213
37895
21071
31542
55073
14012
13330
18970
20266
20669
29865
60513
42147
69897
82222
73011
99582
68573
32671
52255
27817
34160
82183
80013
75071
3660
49979
56082
61182
36386
86679
47716
66948
50932
31277
77669
32701
21664
30587
49181
81996
70295
2167
45881
68628
7166
7487
73326
47793
110
18644
56852
95256
6871
79834
51360
94771
53223
82479
32133
94864
1208
50626
44154
17326
85376
69318
66277
34321
44731
88458
77718
57548
14594
78972
20989
90597
42085
86582
76784
79095
48713
14122
12063
24665
45623
55912
64439
85903
1810
40685
52222
42719
80591
3098
26020
50304
6548
6728
59105
49278
51968
4300
63381
93707
99737
46304
62434
89889
86619
93821
24488
66072
63830
3155
40267
20184
24726
8292
34601
29368
53679
52779
98739
46700
72395
49940
74988
91539
96078
30309
63668
14525
41829
43191
83262
18785
52634
17449
14344
54178
6639
30859
78152
71630
53104
61534
29335
55689
87027
60763
42428
76023
6418
21622
94244
11656
1712
8277
60016
21289
90838
51550
61406
36995
62229
89668
27648
66621
12432
4153
29690
36848
83795
24156
69794
82558
57993
74402
85898
10292
97249
60336
44336
75640
57474
53023
65839
2526
66530
89907
19552
678
23829
41924
30219
36630
21344
68898
33459
18315
50138
70137
56124
41468
43618
3571
9148
41763
38819
95423
8240
53284
63146
51728
26151
35257
43326
42323
96094
53469
13090
33373
725
68177
23670
7004
39733
43786
27517
65496
96312
92006
69954
17758
71145
88126
63285
69938
47627
15973
85444
35747
12376
80492
25552
630
34289
9015
82458
57240
37344
53175
91827
65457
30593
34992
13745
31490
30006
32663
5382
72827
36101
89875
16371
13978
28442
12343
24537
48017
46386
51896
33025
57850
90711
32527
28640
3610
48474
64343
79823
73295
1375
35818
82827
24024
14252
79030
59299
78725
33540
28141
26726
99331
9807
23287
98056
75314
32155
29206
14298
2442
40564
90887
46747
11332
85906
16200
65434
11735
76486
63138
73177
99478
77129
81366
16339
25527
28222
33190
79306
6899
92116
15437
43068
88205
35783
82659
85438
92211
26911
78004
59027
33784
60907
70414
68077
56931
52428
13234
19291
6666
90954
52334
63916
34755
43033
91312
43672
46285
51279
23760
86664
38464
55318
40822
63194
46295
31508
77564
27527
5859
62420
79526
19618
22481
13620
47308
33517
80414
67869
27053
51725
47725
29400
87248
21941
58919
2775
51824
10845
68327
28665
89658
38529
27700
32534
67851
82217
72568
72806
78157
87675
9399
34651
84845
79431
85574
99940
2917
23875
67282
84544
82310
17860
27026
46768
61467
96745
76529
60705
48893
92153
83865
33909
37026
2752
9621
90577
49854
47304
10207
97289
3268
29383
23649
5523
28317
54227
16797
72944
97854
7261
24726
11468
89300
54838
58699
6657
52675
6099
46491
22994
57847
93707
54148
49497
27578
55106
10894
21169
72760
99359
71120
6375
79308
68549
96622
3306
51032
11441
92136
19774
73445
77338
76142
85737
61388
77971
22259
65063
13279
29190
85692
85372
83386
82997
94121
24352
56382
34344
27421
72410
77351
37835
60560
67111
46074
48337
41870
62829
83954
55678
38302
70807
28280
76099
50783
87798
95967
41330
67763
48965
7745
98745
81716
66610
45615
19221
46858
70231
1020
6667
12237
25613
19737
59479
25261
33698
43060
21389
69162
36664
18588
47446
78224
34324
27992
65099
65808
5636
19852
32425
2272
25989
32935
9052
93872
67486
89628
77180
22727
12345
51404
92819
76334
86844
15747
18131
24077
1006
51068
86135
56953
51218
58660
40219
15129
63226
95579
70422
31789
12178
6655
72410
43518
19024
79020
38416
12810
58817
95999
72111
84223
24201
59184
33387
52359
5291
54584
17180
3202
87027
96836
6759
76564
19465
17055
56965
55276
91693
75811
47742
37527
26312
63545
55175
78206
34784
94638
7163
78863
91649
3641
18005
57922
89824
52587
14762
33921
85613
80857
49176
52740
62000
23787
50896
98658
14963
39547
71709
74629
86509
50988
84752
62261
64002
98124
54096
79082
81365
78378
1417
37009
75622
79628
86100
4251
60346
7182
5548
66269
57403
87816
79072
42368
65094
87537
68969
17582
97749
652
13320
61476
95315
80736
64076
97187
98324
30303
87387
6321
84888
75136
38378
26260
86243
3626
2959
15667
40000
47075
80999
41554
37091
49629
86080
16675
62529
17480
62422
80561
8693
9263
65150
22628
90541
17971
68286
7082
40288
67384
45615
51295
871
97462
79654
73088
36786
41584
31057
18008
66054
4082
65106
46816
32958
43404
87598
56249
59913
18132
5943
12653
43752
38966
71041
31764
40866
65517
41704
25607
89034
42677
70185
52357
98396
16579
67415
33774
91037
36116
1851
20734
70047
81677
24146
24000
61500
17285
14951
30953
67484
1432
62415
19440
30370
80987
99253
18865
8157
15670
99192
67125
18558
59381
17349
51402
55325
22563
31570
93862
16906
80512
50861
54682
93269
51802
7445
19652
43016
91764
65238
29020
73252
59903
78271
74364
32729
71183
26396
69097
55612
66450
99848
14844
77611
92780
86511
213
63239
2644
94516
64610
12079
29504
19349
92382
54833
63699
51664
3200
86549
69306
56345
46854
64563
71113
71204
346
22842
6356
92202
84609
23887
97344
12381
89462
90275
8085
49638
40569
2764
85402
75919
4899
53113
70424
56417
17408
75655
89209
4894
98600
87304
6987
82418
65204
28960
87207
45432
35425
53788
47820
71535
91347
44565
32193
76560
59632
74100
41560
15675
29511
28984
85578
74241
64536
47843
8175
48336
10347
34135
5393
14833
52119
91618
50040
56877
58826
65887
4367
79219
72953
43759
96080
78936
39939
4399
94381
51153
66120
75974
87141
81065
73694
26688
88754
87575
48893
19383
18588
69081
10242
30179
72802
75191
74455
42519
63980
77515
14169
54748
8488
1070
47694
49228
8731
52635
90822
23578
31346
25586
80527
77160
75462
90043
27387
4381
81972
41859
31227
50042
93763
78956
35319
47860
20543
25635
36099
97393
19863
72754
1274
71353
39606
6419
71157
94150
64920
42038
46463
28009
19163
50993
82848
65138
85216
83138
43519
38385
5227
97375
55843
19058
25937
59063
13564
12967
93459
39451
54809
38551
41592
43284
89618
38666
81044
45400
59874
22727
92677
9796
88106
3365
72666
52112
51082
47305
15975
53176
40539
69086
85524
91488
63407
47017
83747
59128
9155
46311
8338
51045
33421
95006
36758
61832
58741
53598
44428
92494
25120
13114
8240
97832
31778
86707
39546
5574
43115
48119
56535
77184
49144
11456
62319
8480
45774
91568
80108
71154
36135
22695
13949
54827
15126
1440
6001
59266
26801
55777
80686
82056
44106
61412
9322
14167
10682
48267
67209
35882
59475
13681
65344
71549
64377
39282
56879
89601
78675
83497
58610
49901
61762
15538
45036
17206
66849
23440
49114
80376
50009
31887
43913
9118
88886
31600
3987
50994
11358
75986
34390
67281
89805
81350
31346
73558
62924
13435
81613
76584
99617
35393
34510
48711
87550
97787
23800
14172
33447
69060
51618
79032
57836
97398
36573
40877
49883
99165
82809
59800
93741
60832
29195
96984
51629
7930
1842
56917
76201
77573
27784
65349
83333
15976
86876
90907
113
50982
26111
22508
3866
65917
68633
49365
5999
45587
62072
75329
39488
57116
30749
49033
29658
96853
44916
83621
65571
3322
40007
66956
81228
25037
87291
79567
72279
92302
42873
89563
88270
98487
93385
3251
17020
64694
49492
72471
43260
15383
81372
55287
31934
82765
13114
77232
71833
67349
22070
20408
67755
94866
17226
85246
70401
66244
27573
38685
53052
5360
43535
51366
33881
84753
16877
69999
49736
24265
87957
88693
52597
53510
66409
28867
64455
30275
43844
75640
65254
57356
55333
62548
88190
7676
98704
65628
62873
5747
28952
32768
61520
77255
20788
92941
18393
43946
49282
12647
99908
13568
27073
50267
25387
84539
45747
44611
67285
86977
41182
88917
34495
3472
64914
66063
81272
69977
87063
53272
16409
78390
46675
50549
98923
16846
13730
64377
10577
91976
66436
92101
61764
34016
67624
7887
50745
94925
61831
54595
71040
89952
56758
74136
54964
45431
81677
2844
63982
49205
50316
64947
59001
12603
60740
85970
65356
8746
15644
28159
60591
24165
15096
13346
37229
94275
85033
39742
86503
78162
2978
47143
26754
49299
97873
50058
53838
85256
82205
96097
68390
27583
97331
8183
98308
10194
26140
96054
64737
87707
42035
68249
43047
28664
84359
39847
36926
91721
869
93588
11872
32123
91853
25853
54757
49909
20564
37908
91899
62667
87405
34850
8398
2033
15171
57725
92670
50008
19024
60280
22415
43990
65220
43203
33537
4957
12700
78435
46049
85506
12646
45224
10181
79341
76643
84905
68147
82820
13929
83900
23954
94670
36918
12079
24664
33141
3170
11670
59070
49073
58581
79195
22982
47526
27731
74705
94987
25776
88768
64918
46733
59914
88149
62452
42035
82796
53342
78105
39477
979
62582
33692
96320
66539
83321
1669
23644
65266
85919
4046
62133
64793
74200
49202
19348
17290
42629
29642
19176
3920
6141
3434
75360
32227
57812
21872
74041
42995
7253
98049
61761
68594
48126
90325
57648
38165
92474
49793
23367
25307
40087
66225
62254
97736
84158
68048
8190
64974
99777
4841
33623
29368
51178
44102
12675
96118
30440
85379
87870
92081
51759
18891
96272
34753
152
60254
78426
50357
98292
9967
88326
72419
32359
84468
74297
13959
4507
94919
98590
56904
62077
36125
69357
24765
93687
51613
89417
10594
93310
99133
51041
64075
64507
65896
68907
50032
83107
36339
78011
65191
48344
91953
32674
4586
12083
30054
28883
96572
3368
27640
52755
87494
4547
94639
72317
34225
87606
51699
14706
78894
61579
26786
93041
31612
23069
30216
42089
11422
50906
13106
7589
95043
4271
27657
25233
59997
89170
66258
58701
40472
36656
80807
90018
42720
96076
50048
1317
47106
5222
81018
87071
65903
8076
61888
5014
69359
58842
18271
70592
23227
75981
81906
29237
68327
89504
89926
51104
17270
90829
12914
16735
57888
71574
4944
25629
19198
81294
35469
24064
76012
6052
51142
75831
9136
93469
18388
15386
17581
79058
61877
9148
32043
64602
34234
53598
63059
26548
4288
51648
27507
98183
65429
85123
22228
42900
36486
3491
49346
71473
37655
85420
14456
31989
19651
49040
72873
30082
17462
29301
64305
58665
29965
69085
51232
56808
84135
26025
78671
90457
82670
58213
96009
1121
37945
84291
85819
4822
32224
92746
20818
42634
19239
69948
67524
35294
79764
37093
13058
70268
57494
85033
53044
70260
48015
4728
64541
20080
34178
33497
22060
26225
61375
83580
56848
3486
35565
57145
32196
15918
2912
62967
30915
81275
54112
83506
40287
61999
22087
31764
48005
88151
10071
37874
89616
50319
23728
19305
89551
80892
99370
20905
88269
15306
53315
12376
55519
76000
69593
20517
84480
45781
60511
15669
86181
46448
27896
55574
95709
74334
69151
78526
84130
21183
49034
94229
48317
92460
74744
19624
5566
21068
63154
47110
27194
30028
72692
88624
35286
96429
62068
91454
2915
13670
47856
37848
63584
35798
54872
56882
19536
9527
97911
206
72215
1883
60771
28476
15391
5195
62164
89409
44009
87836
61247
68003
81324
81806
4757
57189
4689
68541
85471
29577
82329
43704
39642
31319
98407
57117
67547
12913
35865
87791
4138
29981
85400
49093
34246
87842
97054
47650
84835
42038
34809
67313
15792
67907
83902
80239
42867
26278
65912
6231
61933
82038
54847
49199
27931
92950
55859
40489
7878
2538
273
90181
79058
86
55461
98385
30418
45265
27014
76471
23655
85428
49029
16033
60609
10910
48999
54339
22627
2306
43073
6159
40601
87990
1302
64667
25863
41717
49857
61923
21273
82710
35905
49382
24084
20623
62829
12332
71238
62334
86826
84228
76880
14449
61323
62307
18942
96063
27789
9267
83661
84621
74711
87484
97867
17781
62123
2884
97538
11330
96898
45073
29800
18131
37080
6059
99510
21996
32404
61959
23007
2468
33183
66004
50703
84225
81409
40611
46495
98774
28450
72148
8155
63890
39947
66840
8864
73249
13558
22035
83746
58638
90171
26963
54268
77723
41136
36065
37825
10499
71858
45944
60750
16016
28378
72770
72780
39180
5821
1793
34820
12943
28595
53665
59331
6200
24930
34329
49596
39692
95339
62622
4319
58780
74652
2994
23902
36250
39814
99702
45837
40662
80934
44692
67662
13011
46321
13076
59248
90413
42929
91920
83115
80756
15900
53782
70070
57909
78110
90606
4094
5650
71032
36268
37971
31469
82405
77673
47162
80283
7288
51036
34906
41453
71684
12383
24233
66515
67830
51171
74909
22670
82649
95312
82960
44121
99270
86021
15281
94094
33176
77232
18601
67089
84677
17166
45895
79778
40644
24301
42684
35565
80792
54503
67559
85316
2196
17576
26038
71212
63640
39393
2683
56824
91082
70574
56899
93756
79364
34182
33014
79991
29840
81212
30682
70063
27613
58248
23316
9229
34871
42862
95921
64579
48352
13380
84118
59669
69807
22742
12242
67073
56765
1922
79104
25462
15962
57706
19766
85866
57678
72747
78723
66014
44912
35935
21560
72281
97039
17171
19962
66711
74858
34511
60563
39631
157
18343
93440
33469
47848
97179
52443
72942
94689
75450
38195
49251
83418
31525
29199
58192
21810
45198
14039
40167
14972
65843
14550
73506
58173
72880
68927
75536
72967
98561
98116
59842
99216
54535
53961
39813
86338
79397
30519
25557
22206
97175
44416
96850
15400
85713
71310
13150
21035
4488
33822
55774
97259
47794
73591
32803
62167
65960
96103
92102
54734
12509
39539
81116
40634
7387
58803
58546
97645
13347
22169
50386
84591
63153
80061
23325
41135
83397
31012
63621
98678
79315
17743
24386
40506
59953
94845
94723
41057
77594
55075
83119
47821
58340
64560
14233
95966
39098
6771
47583
9850
23580
68909
81839
88645
20612
91511
95645
92990
74035
83331
46567
59166
9171
14745
76356
20222
43120
12554
15377
84194
60181
77775
5998
53520
83294
91476
42399
41789
14093
31586
46337
35502
79667
56045
80141
77723
83753
87835
69486
33893
67374
25825
71825
66911
33955
96281
39347
88226
66498
39204
13573
39823
52276
10622
99863
1383
30531
14605
68741
77500
15111
69767
55986
27293
91964
46407
72775
63401
92007
68566
26532
50198
81065
90977
92515
68020
87826
87630
89006
60967
56813
25293
54765
3183
24173
31356
23436
42069
57685
31725
13417
44565
40788
45914
16678
75292
6584
94705
49188
59749
95124
72359
57297
42087
92211
30144
94526
36827
11752
55647
58421
60888
46552
64632
6810
16034
74218
16714
39933
79806
68367
45424
31437
17308
57658
83761
42614
99466
81508
20101
38864
33534
80237
2909
99770
8459
88421
99123
63639
24217
67562
55614
58825
62119
93538
4650
63516
31659
23753
4909
65905
8619
89722
37692
20009
24557
41497
94755
42423
40236
69648
74242
68708
54674
8388
10364
73543
68002
30063
53735
49288
40786
56263
58299
83907
59192
71217
62974
76960
89801
52289
15883
55715
46010
38228
60701
53109
53550
94639
8903
43985
32272
26941
57044
39553
79450
8943
39735
74760
28819
25454
61426
12364
58274
70706
89104
85149
4593
9913
95505
63525
10808
59292
33536
55793
91096
67426
79526
70746
92230
1665
47174
36427
78497
30404
2930
400
63306
56562
11590
40799
57203
41316
72563
40873
99808
14177
59471
56848
9406
95620
86225
55984
35514
65410
15668
41745
95736
38128
32706
90434
66002
89096
76247
73317
22801
97474
75242
21201
7837
62313
64231
47376
39816
22612
57451
70456
98994
82921
89763
97626
46877
20248
41923
66980
17279
13507
81666
72472
29032
97780
52984
79804
88835
53697
12890
35145
54967
85559
23326
7387
14383
60570
81296
49620
26968
26341
14461
9132
82778
75494
5827
30952
78093
24822
35241
8371
87874
49740
682
85731
5408
12036
68386
40851
65010
59839
47564
37531
64912
68642
98569
12597
30528
6197
77341
16827
76453
80751
41924
49662
86456
85710
37102
17393
7642
67423
61479
66050
60871
29651
90443
51690
10459
56231
37433
54327
90344
12905
1128
36500
90863
75841
24768
15315
21238
3355
41159
28215
79113
17216
12525
91289
36545
27996
81028
44492
61952
72784
69288
22406
77627
9267
24771
43812
24874
95650
24662
68457
28854
79604
35227
85449
42747
43346
10934
63179
58399
93992
70307
67414
25109
28511
65104
6873
49065
31421
85269
37623
84371
14862
19633
77584
68890
31402
53276
94860
19588
21624
70636
14732
67805
54924
96600
28707
51688
27830
33317
28728
75002
34240
2519
21728
99203
6738
99904
76359
35973
41711
23794
92054
68762
51103
15417
35555
19702
94863
80031
12014
55344
32744
12466
54682
50680
99604
4225
7223
59493
96868
15903
93295
36657
95134
15401
3474
90895
38491
83865
55950
91617
20086
22603
97818
28369
80130
85101
6175
13785
71839
6018
9859
42706
21134
57182
72826
95520
52154
45308
66112
62319
73068
76152
17996
43797
48699
17754
12718
89723
28474
57201
50694
44863
80620
21315
41756
37618
23104
62706
69711
16758
90003
83693
75790
66135
20439
7343
28653
38248
41919
1095
51903
66341
47439
83861
60951
18727
53557
71888
50723
1117
44837
33906
46133
84037
53690
80676
67013
14477
15602
24565
15763
51678
16832
53630
59507
78371
85160
75882
33701
32502
1307
48944
23002
32400
18125
17959
60025
45215
19603
3813
58792
19836
50154
25093
45117
74977
55799
93289
72038
33978
71595
44515
94426
97248
98959
92852
67341
31089
11984
81392
1760
5044
1242
64449
50912
51824
15142
98630
5068
45794
21053
14968
29031
39742
61848
47036
31935
9077
86015
66389
3245
87150
28672
66324
79165
53388
68287
54768
50797
20062
84030
72338
58330
87783
10964
89769
59379
33726
44150
20829
57895
24579
79922
98150
36800
67946
43664
79697
16026
64708
33931
56766
75220
98347
18050
58783
93290
79624
54775
2403
98716
18699
31638
10679
96899
79251
65889
39912
46191
72268
88500
90822
4247
28699
85092
59383
83741
73911
43591
88030
99425
54677
52260
98280
61459
74200
88315
4425
13106
84400
44802
65125
24855
14893
98540
23720
54600
42657
95335
92847
32662
60793
52529
34502
36912
38746
40791
13698
51005
94003
92832
39084
46687
18376
43537
22747
83662
42073
44136
76211
8263
81638
14914
64296
54290
39469
85920
99641
35519
97479
45802
69608
45343
24044
15186
92609
33483
16439
13288
63206
94409
94418
2911
70345
90051
41422
33179
88475
72866
25516
13355
95723
14870
17942
74446
22781
94144
16953
43068
84260
63107
64212
95329
38519
22385
21761
65583
66767
46168
33379
63132
62287
85940
61152
19323
30490
82960
69991
34040
26278
54217
72580
1349
499
83346
64250
85474
49593
28803
28061
33822
42828
51594
32333
44018
77078
2343
35316
12744
21365
22766
30935
39609
21293
17467
80904
7654
13849
26644
75965
63660
1504
59712
21400
72044
25960
87063
25313
13076
61756
50797
42746
10684
50400
37831
30964
72490
48844
21875
28221
17605
86079
16975
82275
20731
8877
51601
38628
20913
85697
84762
30887
40633
33835
55357
51808
40385
81521
65614
41562
65928
37761
50841
42392
95831
15100
82671
84428
22375
85107
6368
70081
29409
81308
4249
5589
71048
2585
40340
79641
98000
7552
39093
55841
73930
91713
76670
8373
34400
3110
73606
40322
62225
28541
9225
73958
51116
84592
80305
31123
12047
11529
61281
18906
60633
63370
28594
65809
72975
31255
77651
80699
77654
53865
78252
94251
4098
2268
23341
8262
93294
17997
62467
10715
6782
26930
71881
97580
36214
6529
64888
16455
493
44841
91908
98458
78780
28145
34821
61176
26379
76415
49477
91479
93395
41730
17579
7443
2006
7780
35508
30434
63275
59187
40452
34451
52325
14561
98345
52187
56379
67399
54632
42010
76862
13308
44558
42434
52015
66585
16038
27183
56677
53156
58164
51080
88526
65289
56783
53690
64664
48885
4342
62860
56810
29061
886
509
23869
34913
26714
88187
14393
85379
41415
33239
89864
96321
62196
84370
90220
75152
46432
99575
7139
10437
27672
72752
65294
29970
63991
51159
82741
97221
58702
97655
55451
71617
19960
17151
85118
62131
89381
91301
38521
39628
95355
42979
60706
44281
16434
19192
85846
38532
86954
46263
6011
74220
97636
72014
69982
91980
41763
34311
60505
18431
66038
90020
57815
44619
58538
31217
18534
54605
86662
79384
39065
44039
85894
94533
40795
21404
44537
57985
89897
99540
4248
87892
40149
26577
10826
96926
53139
21932
76445
81190
94245
68583
13000
73418
80023
1317
74917
11133
40
17704
90627
67549
7164
7476
57634
9484
66943
44448
5766
13504
3299
68692
6964
61992
42860
64625
57088
76916
92239
46326
81781
34670
17174
30731
8286
44912
16548
30369
34607
10700
81356
30093
96628
74701
56488
92615
84290
15134
77708
24920
55133
84602
37760
89681
26170
14352
85497
61911
19075
57822
29713
1472
63509
87931
24994
3290
22824
43565
92186
90828
35784
84888
44038
63208
97639
14044
74197
18935
81752
63648
47744
69545
27318
44341
61741
79973
56052
67894
4768
74326
8225
68981
10192
75586
67236
3661
44647
54472
78754
98460
28220
82011
32092
1836
95337
21823
87803
89226
86032
84939
82388
79257
46909
66621
90013
89042
84367
13607
46822
51660
76279
34149
80130
37231
48474
7310
69299
77324
85890
21609
9475
54728
96271
51372
65823
24103
90024
84142
48185
20420
23792
74775
68277
90114
95986
11533
65003
6920
2701
59274
9045
19153
87927
79917
42444
6042
80607
10263
96885
87123
50550
83861
71362
71327
37826
55007
93404
70861
32771
42340
64782
60531
85656
89160
27890
91083
63016
90904
4901
13032
71920
65214
78850
79866
2630
9490
11352
29965
49980
77819
74078
8479
27208
60070
59892
70714
46912
68856
73173
5366
99374
95457
12921
87373
25233
76828
7869
93535
44888
64695
57805
94915
21083
43616
93997
56359
39721
48199
81029
14376
86394
13512
23631
8048
16493
51783
50057
5189
73536
17080
52218
20658
15692
40415
77323
30766
64666
26736
26714
69183
27714
2948
44530
7081
18186
19794
89907
53955
51029
78371
53387
28836
50779
83922
46348
22590
51892
7776
11818
49719
4527
594
50455
60497
66523
48787
71802
57111
53487
20043
8739
23150
49632
35400
23639
77392
90473
7632
56968
78491
11331
78678
13755
41664
85340
92752
59972
8615
53504
57227
91099
54561
78840
17291
78711
42129
52291
5745
30588
28747
29737
95723
5889
11072
77608
70621
63245
60501
37389
32403
55848
92298
20816
3660
2252
36757
1282
91789
41329
20488
24860
97588
95203
89562
35148
47130
59665
63351
51011
42668
80470
12272
59741
70646
66359
25049
79777
59242
38002
74859
66863
9033
13884
81796
13908
23150
61145
33943
55003
3640
32143
5503
92041
22338
53609
44841
10934
34660
92583
72650
70001
30201
29812
85159
31899
44177
71164
43744
28882
39753
38717
90893
31828
78914
16834
12774
81020
16526
53312
56802
79349
5405
15639
78971
74490
53028
3671
13417
27858
22061
32354
98647
12921
59771
83720
37995
92225
92190
10943
15728
35532
14680
91838
40289
75045
36934
63565
8544
27946
11918
91473
86400
97844
37254
85363
32116
53298
10783
30188
13282
51256
26984
33084
234
26829
43326
95198
42663
34493
1089
56335
21683
17819
93915
30983
88167
41639
86194
47004
97657
74472
47313
70792
64157
50762
71637
1576
73828
86908
68166
76816
86988
47428
98712
62062
81883
35667
74343
4417
69634
41383
7749
46738
30840
22991
14697
22613
91990
94076
58124
9653
6688
28147
1407
69779
7299
21426
66113
66684
49239
32662
734
6881
91547
3401
70005
9227
8614
41436
85665
29997
83497
65315
55494
34270
40854
67035
3244
79761
14131
11972
8553
78813
2883
45797
20872
57368
21479
44553
64980
33502
51240
92189
88435
89824
70999
77744
64090
30672
33802
78464
72610
34930
99370
3315
74599
48422
5051
57478
93950
84554
63788
17736
68788
53618
1928
80177
59900
73246
37123
79002
45491
75172
7600
33913
76607
88686
35083
60950
61955
3142
96654
45309
4559
38829
67638
2503
19194
85132
68967
18430
13288
91455
13059
13626
34068
343
8382
55976
52013
42467
94340
46531
40663
77786
45345
19087
65241
47391
63352
25974
92074
11729
67764
54513
63593
81203
45213
76440
24848
11235
24451
76636
67155
37031
53560
83121
39976
23488
65008
56004
89912
84738
48401
35837
66787
30991
67699
24503
46520
40727
35716
30822
43905
17477
74128
5685
71762
82836
18896
97935
12715
99364
40429
20296
71250
87798
9558
44070
28471
21920
7970
6207
42043
22097
36353
27787
85134
83092
67588
77195
1033
65981
44775
71254
33137
3377
73883
91612
36106
33365
30852
48020
40954
54559
5324
99953
8663
7565
82085
7976
80139
7007
58081
98456
99708
83154
25088
91041
88147
14745
64764
33699
50980
30104
14500
26757
42584
72534
62378
60035
2868
70728
80728
21307
40769
27013
99336
48957
70014
67809
67919
17006
39575
87697
26776
41132
30751
33115
36360
70912
14373
73651
13594
70042
63481
13901
99389
9051
68512
17138
56674
62612
18323
25474
66843
77154
15163
26857
41590
22570
5600
35842
8496
86703
4484
82373
55002
30728
59590
7242
28086
65317
78547
36705
63151
67276
86054
61571
71678
58464
20516
30670
11043
30769
75929
61825
56817
15786
79357
2100
51400
39783
17277
42993
95132
39492
44777
47200
87749
13857
68433
66295
31885
49644
90292
20062
87214
1210
52086
92969
26061
91012
56259
91471
36418
75791
9255
57595
48968
82367
70611
63052
59640
53090
2975
24807
6338
5229
81393
99589
43792
75261
41323
68616
26068
53621
59985
96059
32122
24532
5033
50894
12478
26299
19801
72600
92294
65751
9581
74361
91855
64211
31203
548
96645
12538
47975
46164
98987
91019
81151
29302
83810
14908
48947
20015
44261
73014
93352
30217
15663
87701
8588
74967
80434
93415
36375
64845
47753
11356
22141
68023
76488
7272
63589
6887
57101
9872
79892
6891
67995
25879
26379
81804
144
31977
59815
20772
45428
56064
17131
91814
28497
13577
25324
21611
52411
77861
42571
68698
43067
60988
12984
34028
96249
79064
65087
22874
77232
66116
29914
496
34299
96807
37252
27305
37651
65302
72440
74178
79129
80986
38382
94622
8922
52622
53251
44917
38766
70009
31082
18791
40776
34165
89512
69930
98560
98510
25540
5580
52454
72901
64125
8170
56367
30790
71809
65025
54238
33435
44892
7552
49303
62076
12369
65623
43690
32311
70037
26209
64361
15551
92176
16230
48158
39738
14616
23118
77022
13795
90439
70627
80403
91263
91259
89324
5014
70659
9755
38082
16443
83090
62943
98320
41351
26455
31653
21591
28355
21272
70215
22184
40040
99129
55965
46175
44980
8930
44136
14816
78673
11991
87498
35716
94038
87483
42765
13085
36377
63704
38601
54667
93596
23465
70446
39213
78435
16461
67107
81290
96743
12316
47713
77380
38255
37567
98584
13954
13012
42807
88369
81112
52226
72826
96036
26133
66980
61410
30362
63246
32703
25060
51041
46793
75132
88724
45949
69083
45989
68014
77640
17403
66958
63201
58985
56333
95796
47799
93781
3097
46802
68459
30152
91039
26782
60975
94730
78691
27842
6858
96104
35755
12570
3038
25915
16038
97024
73023
58277
79515
70274
93089
8305
31853
52295
32076
76404
84377
23655
35064
66665
6404
93689
70528
58631
13101
61265
586
14283
28804
83366
87476
42297
94779
97864
93778
54635
22685
18560
23900
18938
40395
68457
35840
40652
81762
21075
72212
4702
71057
66703
74699
86601
80232
24069
59574
96381
36751
3021
66490
93244
53437
5119
59227
79789
26148
30604
23616
449
93471
4588
2042
22306
2284
79411
15975
97537
44298
524
63825
95662
24286
43089
5805
16826
62698
32731
51914
92847
72704
10003
53955
221
24137
39254
11376
59061
85200
16373
9626
65045
69332
15080
82126
53754
72770
33345
38268
6828
78431
23115
34925
185
19354
59916
45467
92075
98100
21300
25924
76096
43742
66827
43513
87471
69535
85848
16103
47634
46924
5146
44132
85583
52662
8265
12042
41137
19141
12241
75600
39106
72130
21458
7989
88735
29224
17256
54328
45303
29099
13438
78149
83271
69229
36577
61733
37835
80596
79839
401
35770
54351
81986
21174
67127
10292
95228
58846
27127
59989
14387
4140
63617
15844
88881
91416
51208
5939
72931
34897
55221
61957
33617
45925
75009
43854
5900
29210
29093
66856
22554
11894
68375
56013
25092
19636
56059
5192
59858
58257
36885
10635
5780
34548
4110
44224
72938
32010
80806
48740
1872
88694
1154
47106
87710
71254
96282
88744
24695
67492
62038
36777
2669
89718
93698
74575
81459
66831
58368
12367
66964
79836
78641
9180
88900
1447
3313
86998
91839
64845
85549
18837
4254
71657
80471
82301
1369
6333
17336
77445
62653
45751
22818
49064
44716
53811
67474
1181
42771
61745
25010
47253
82571
62372
68409
10324
34023
63278
30773
66268
95029
94370
40434
63946
74332
5663
29834
30653
40375
77434
21251
67654
5400
41919
15900
42232
17502
92413
52071
78243
641
64762
82418
73307
16698
14962
8689
79139
9734
13367
47737
96809
83451
45451
86373
91180
97192
50988
96624
24573
55551
37732
77958
69140
63892
96473
97033
29813
31589
22933
52883
4955
17801
44772
38372
55097
5930
46614
68096
5937
24502
98780
94942
81337
92704
24924
52818
82581
92615
99189
54290
140
88983
76902
28842
28255
67620
5416
80978
51050
73802
51057
93157
84610
48393
89996
75591
25265
13467
26334
72599
90082
61460
30961
34246
24715
68201
21581
10265
24863
42331
61704
77250
28183
12561
70205
32607
88995
79351
46255
47779
96779
31374
4322
4406
34442
82136
64161
85213
17318
96683
76153
10820
37337
30910
69720
77540
69968
44990
74063
73852
15727
6500
49108
49326
15906
99037
86240
3783
42130
93530
4181
56165
49635
53603
44502
11569
42947
37685
2454
8868
18032
38021
28074
613
83916
68331
46624
97512
32785
43019
80495
91241
16595
99543
19520
65743
27678
20901
20453
84545
72822
25507
52129
88695
95841
52093
89459
76875
69699
24286
1334
45850
24078
73234
39447
48594
13059
33417
1278
63657
55370
63153
68284
93190
38576
46737
15372
80708
49623
46627
65579
58802
3132
10200
23352
2830
43056
80884
46861
78562
71712
79335
49698
1132
37017
18807
42838
54293
32363
92434
52396
76997
58106
35226
42164
9734
14226
61767
88517
65239
46746
48852
29350
26840
90509
37213
33346
88131
20983
76719
26312
47347
50202
64475
89964
73295
36023
34197
74244
16971
19366
7747
81783
59837
93842
68398
7526
10617
63314
65115
49227
61744
34694
99309
31114
80358
29474
27934
48559
56331
11785
53362
91790
7010
89949
12999
92391
38976
63386
86211
79802
13809
61154
31630
24015
90969
82173
41005
29708
46941
54252
20781
47237
39968
60797
85948
71380
14953
77206
67677
95618
60421
13251
89739
51595
21131
57333
21186
44910
78819
91223
62986
93266
19297
79012
89664
18589
47200
66642
4578
30021
67228
87376
49229
1794
2559
9188
25797
77763
24345
37796
66380
76790
43742
81417
36088
39319
26636
69163
33157
79043
35323
4538
40124
34133
48102
8905
91837
81993
76959
98155
30668
83807
26961
11125
71597
67049
96924
42596
38737
60747
38983
27206
66292
83935
6563
67709
76683
58174
15174
30092
83871
23097
32370
57742
1138
80220
11975
43300
62061
57191
80553
6069
30858
2098
64065
90879
48015
19742
21101
47774
86396
81619
45169
31102
89020
2525
87011
11463
93913
95360
52608
96018
33824
32780
38267
59353
94562
20486
9586
78232
29061
46116
61899
53485
16799
11376
52063
1592
39822
52775
58467
6608
75883
79247
22092
32960
84525
62455
49675
20751
43723
95394
52695
46923
49088
95245
7038
57864
12542
37255
83555
29327
85250
53819
27822
95400
3198
44309
26799
52833
11568
93972
16594
94317
65272
14072
53324
82562
70179
87353
76915
8021
30812
85349
94194
58159
72731
38109
28563
68164
23686
1457
85273
49024
89180
86146
9465
21343
29040
22708
67971
6317
76372
2964
65807
4713
43516
91291
3361
76650
12270
18043
41630
17326
93418
61093
41607
23579
11941
11923
50537
4907
27524
16799
79399
54228
63931
90869
9355
75281
51424
56924
85602
79801
2433
94127
88072
90240
20184
30204
50591
22025
84497
82896
63325
10236
54761
83482
84952
37774
23659
57443
59534
67920
49016
50861
91131
15016
18839
47415
29984
54034
49382
70270
24767
40275
18533
63960
21398
84402
70816
63544
60888
84945
90256
80183
25902
29638
50759
94893
75564
79804
76838
41525
80847
43555
45399
48540
25863
64455
9104
85849
95659
79962
78118
15460
19122
57214
23303
96570
41021
10601
58104
19126
56892
86538
76147
44112
35155
20741
60072
7090
31946
32093
82876
96980
57458
61490
44095
49690
86729
24008
10073
25738
85108
7940
17065
54975
82231
23720
38843
52207
87149
32136
41076
94652
74974
72399
66091
80217
4879
16362
32005
90131
85892
11247
60870
9680
21124
30596
64678
98371
21762
93910
73819
17195
44717
63826
73742
79050
23872
74345
84886
32598
87425
3520
16890
95209
96284
50893
41080
87429
24929
2288
40573
72542
56354
2541
28025
24979
24196
75637
96262
46120
29397
95648
78739
57253
50081
25555
46766
405
31060
98728
62558
34811
39420
43629
28889
84602
66293
25548
93075
22874
33423
28568
5274
64835
71744
5287
34182
66703
66874
32151
10121
79819
67409
77427
86295
84366
97151
56704
41629
87985
44910
78012
7639
37684
30789
14635
79591
40700
14635
43911
75060
25095
14371
45469
71451
24534
72341
22738
63625
66730
71736
76321
96873
17982
8465
87564
86085
79304
94622
79713
553
7434
29057
19711
99795
36713
82821
20326
48340
94670
65023
27146
41300
3333
72728
62498
84256
66953
47206
52812
78948
84614
95555
21698
830
43174
64945
57187
23023
22702
8147
57332
18579
11667
25713
52667
50088
74818
77308
6757
3339
45773
32049
98217
29092
57329
55402
20204
87291
53364
97191
54059
71691
92364
62096
93251
43382
86477
34356
46188
84171
3406
99156
38527
34545
40036
88466
45259
81356
13821
84757
21717
7093
2475
72108
55741
81675
88441
96663
2789
52381
13131
4632
77907
40925
84237
4527
31309
5191
74849
75787
19995
95043
95034
68689
75613
71639
75492
96900
19105
82199
66286
53469
9838
58780
73345
74905
54905
16081
95316
6776
45145
39009
25329
10900
43708
27378
11823
201
39064
97498
64437
91974
27483
10623
46439
44692
72490
68249
61782
49894
49257
39439
7551
26430
74220
97502
70092
67799
52164
9018
49467
71411
14611
18135
50525
7595
35274
60555
40293
97390
87809
47616
24722
45676
1335
32501
6413
87849
84649
93052
34500
4291
60589
63501
83532
70818
24081
23570
15710
19756
22112
47235
38900
21656
44265
75390
85276
31441
72331
67052
95639
27579
64508
97703
19685
92154
23114
94424
40749
17840
99470
62626
65032
28294
35178
61729
95687
35281
20035
38625
52890
82189
86579
15268
58337
84631
29314
89756
69399
9642
5315
89501
40796
55543
48951
52
96127
13416
46844
19500
52390
40985
93459
86167
39496
11796
12329
8082
90922
40606
80153
39247
52372
58721
61683
75924
23421
92369
774
27652
46231
87954
87835
72866
53756
47239
20094
20697
91082
57105
83560
37789
38819
80028
91862
5686
91471
86267
79952
6157
21473
27399
94864
10507
21724
18983
94441
93417
51272
79903
92216
24598
69844
33617
32104
21746
42733
9983
20931
38572
83867
84657
61093
32793
18184
93397
69702
47607
18360
27653
80492
22800
46028
67410
91100
62170
87199
20639
89016
90573
75268
24970
83254
23582
44859
22473
1723
93104
79729
74137
4929
38361
27863
43380
12981
82553
90377
15430
14538
25167
9924
17486
41642
96482
45337
6319
74640
13334
62954
26517
93692
60817
32297
37112
58465
43623
18378
37354
35232
86207
39422
87923
30630
20466
17432
21313
90361
49748
20833
75048
21201
85294
24405
48683
97072
29637
40516
68844
97373
85006
40342
18919
32731
4845
83544
14347
90428
35315
35503
73958
72934
61080
35188
62531
3273
37370
62959
55131
35269
56247
46321
28746
63890
50542
41008
92264
42669
19485
94855
20488
27894
43227
41726
83904
39296
2127
3465
36517
95434
78219
33642
7433
5549
39078
73695
62282
11477
49256
13861
42174
55978
35131
69569
83161
95933
28019
47291
18340
99630
68023
52479
63347
94330
34816
66964
22381
91840
7998
57260
5188
36946
87035
37715
42819
98150
83252
68222
12748
74691
14484
73414
57921
74267
63426
29214
75922
66870
16659
54494
73345
1138
9833
2907
79291
10391
66588
76939
72547
69712
57444
50555
28156
53566
12140
10777
78579
76237
40915
39482
52664
50409
98199
71505
93772
33207
27022
94373
8304
75614
3707
98186
8726
32337
77789
51816
25975
44309
35662
53193
30264
39966
56969
40653
78912
44209
67924
46911
5822
55891
57403
90025
98812
48572
9073
8185
87654
90064
72631
55838
308
95023
31580
12792
83131
54103
32744
99586
96353
54653
29775
90959
66448
56883
47147
99579
83689
70005
6037
34066
70868
55276
41849
1692
97738
17526
67551
40990
10532
83129
92067
51101
395
90403
24999
2422
59540
18771
50218
11974
99141
40689
71730
81434
76331
13742
63261
52270
95871
74188
43912
90435
61963
68764
41277
19170
38182
7437
32971
57936
16612
86840
72218
77371
84376
7787
60494
49877
62955
10666
43247
18161
98025
22435
69262
1946
82911
55427
67383
46330
66231
11028
29491
12833
95623
86756
28589
40664
66626
46124
99408
43565
26580
77388
58634
39637
97259
25855
95715
67133
84612
50354
49874
14780
77096
47184
48891
48611
33917
61761
5666
77051
43385
70872
17192
91838
96286
45116
68483
13363
34950
41927
14141
67206
47769
23612
1631
61608
95467
63269
40928
39112
82647
98041
14356
63400
39284
22674
30140
29866
71150
41077
11479
33181
53004
42816
35049
64321
50337
24892
57501
33653
10046
99554
48816
8913
41315
64987
72235
81148
71163
68643
54207
38115
66487
66069
23899
97279
57389
22276
890
17864
72577
79998
45312
54262
44053
67482
82437
79764
37247
17278
78900
68891
52149
21909
74797
74740
3295
76397
15806
71316
81718
32850
40384
74315
5773
48936
7746
85653
74007
97591
21553
67233
93403
78894
49577
77707
68567
56535
50692
27927
3421
59822
87006
83988
31344
60261
45323
64179
37478
15566
33549
82919
71711
82931
55053
65862
72430
22816
8525
49756
69819
50576
89832
16656
25790
85541
755
52291
17815
41312
18146
7971
8932
91209
2704
42730
77171
82089
12120
94902
90269
64085
54226
42216
34382
1928
7278
83860
61326
71070
85609
5085
73438
64308
86781
84657
3918
69351
21233
24999
53558
21252
39121
35904
54795
68607
59233
69847
42460
35983
33207
12184
36015
82781
11504
36776
50933
78269
66929
85479
32294
4052
22684
56249
87299
38337
12594
47182
55889
89028
83504
71781
55990
91473
26926
50139
38183
17773
38431
31064
73465
8075
88974
36440
26924
62804
16676
74552
23116
87430
6429
21519
73445
46158
60955
18723
74876
47473
99168
4856
16927
3696
76747
65519
57149
53151
57363
81454
85073
95619
7899
81199
64100
47927
7531
3782
82144
22523
13202
29757
91821
56264
66323
33937
78900
34403
67226
16567
59675
86468
79181
10104
58368
4667
95941
76888
99912
80761
48049
51481
60635
81458
24652
83578
84070
86236
71585
46370
42839
241
78873
72592
93126
91464
33374
11160
10788
51740
13846
89940
8494
78125
6834
18011
14340
63342
7760
77346
65644
92440
33550
89719
42236
40332
27775
50888
8366
63161
36497
7982
61947
48090
69624
17415
2858
47077
73809
92854
43675
37327
84577
24203
79513
54449
60033
82204
55856
25520
19707
88553
56239
31929
56603
71821
98185
8685
22796
82838
33349
87844
9287
36638
84563
29510
60522
14806
51040
40060
75670
57108
80202
98245
42656
817
22037
53086
5526
14471
65885
75969
61578
37520
35682
52471
1418
20356
86060
79526
99004
44289
76032
48127
80510
84877
84743
98337
83958
89714
52162
23475
57851
68337
94313
21536
68728
39106
81940
75614
37609
57398
59982
63701
28719
59676
439
75377
23042
63881
66002
20307
74594
64160
30662
98607
75023
46009
65495
54648
90832
59212
89700
98595
70084
45228
5744
56275
36717
84522
25717
46336
71812
9683
56111
51007
59172
57351
76457
9324
28179
88774
67489
86672
78410
34748
98918
4845
54447
39122
73212
50815
321
9723
5756
38570
48309
35678
76853
45171
25492
93478
37510
56329
99700
95980
64995
65860
12484
99132
36344
50425
37186
94928
71191
99309
97074
26229
59259
38660
31664
91450
22777
91157
94485
52439
36045
60095
13402
48338
91913
5968
33263
79824
22162
58469
25951
40714
19298
76678
44189
45065
93101
23707
93027
80541
82427
10901
9450
17244
58775
2213
37415
54392
90257
58326
63067
29358
9583
34078
74715
26147
93363
38273
41513
46615
15465
26144
36301
43265
64970
70184
58981
76679
28219
26884
63452
79488
76180
86573
55979
34502
13829
69278
35913
66773
98475
41986
11958
22862
35810
64052
27675
88587
20968
88585
15114
20502
64317
2240
12422
46940
25061
61629
2048
87490
74916
20645
24469
66212
34646
33923
77107
5435
11283
64736
66567
24213
8782
30963
89311
95953
93250
67464
6819
5487
99228
56755
43678
38310
32739
63034
48243
76951
19834
37386
39823
94276
30356
36479
60640
90966
56516
56534
32328
16406
49816
64477
17446
28465
9570
20089
71763
89971
69506
99073
96352
62172
51273
76439
15657
64329
78185
4858
40300
15547
34291
54752
88582
31891
5720
103
43784
77697
98394
91448
31779
89805
57781
18792
80409
66328
37663
90510
70612
87987
71026
62333
91195
69054
31374
57534
56079
73887
67881
16131
78725
98517
57994
98285
65173
96813
76229
99511
84665
73365
87920
12099
8765
59013
25109
24961
19375
38080
34896
79299
8743
23925
3152
1278
57713
88418
95675
71785
69564
28284
21074
46078
15003
61114
43732
82774
35278
50924
62272
87189
45756
12764
52587
13229
53037
63344
10053
26814
29032
5245
32860
75248
67343
52878
13168
55650
69456
94271
67338
30699
149
56081
45936
99079
69646
28001
81290
7765
65781
86704
98449
45555
77693
69886
23985
56886
63302
65333
74461
21002
83575
76381
83112
27799
26190
95242
15441
72435
82108
96226
2798
77158
31698
2529
69436
41333
48333
66696
7690
73980
12729
89620
18717
11236
30529
76920
14499
36385
55422
86625
7973
27948
44925
71697
16779
29129
59471
68538
52352
41256
63318
36363
77214
14486
30369
68763
88636
943
33842
60947
80045
26286
39682
53058
55712
97041
8340
21811
23956
16188
31920
66070
84631
13544
67847
21249
80554
91339
16188
55540
15967
31090
19172
930
28801
80416
58577
99585
43843
81413
43641
39384
36749
49647
96665
16458
47560
53917
44029
24417
18872
8847
41875
56687
46201
25833
37439
81686
35767
47546
45558
1535
82144
42935
87488
64246
69397
52764
67933
21987
62104
75307
11830
75737
88766
92862
63412
19433
87602
74038
8152
79970
6467
86738
67844
23825
91611
28322
22157
22982
71485
32373
97616
5139
24509
91810
33442
65935
91160
48109
35383
98019
85906
58464
8461
2191
58906
75604
17822
68639
17906
50961
121
16371
40517
37882
58479
4050
74630
62113
44104
34822
73095
32012
40741
78253
70831
42970
5467
53292
19385
57047
6298
56364
61038
39549
81130
85108
62875
69918
77273
49096
26350
35686
69660
64066
39734
64560
28212
32621
35493
79430
34899
94467
70726
40102
36250
14268
93414
25451
80072
32285
9743
53320
52332
27394
38498
37473
58654
48090
7723
55678
40239
50740
16900
72196
86122
90370
1665
55654
83867
1677
3676
83006
89024
67665
88036
18568
60964
9452
67518
6753
56811
66140
83184
85919
64268
10431
35878
42788
64059
47179
77791
32425
40607
5869
86081
75602
85701
41609
67621
27178
21414
49985
42358
52331
14175
53821
1048
85629
22567
24514
59474
7149
38708
31918
52487
23903
73206
48857
31303
49008
76151
71779
27142
89809
11526
15418
44330
44262
42898
52107
20241
32880
40317
65979
7375
49870
4605
26224
8698
16920
52173
5243
60636
25895
78431
67049
74340
11707
74261
48137
90768
95772
95229
1656
70660
72674
83358
28668
42305
99424
29875
78341
73540
12231
6568
1773
30392
3171
43854
34860
50373
43604
59295
41449
26383
7310
77241
61885
11052
80114
58569
10303
47381
76508
15854
7536
72219
5532
35779
15526
98456
84822
31649
33469
43088
54288
6809
11459
81202
460
28286
57412
67878
2323
84098
17184
83880
55713
47768
73290
4428
56618
57741
29413
71490
7919
21531
92570
82253
54206
64557
50399
7034
70308
97068
9655
83419
48104
61309
38552
79608
39288
8877
32480
60252
96220
32770
65700
19707
38631
69956
87435
66545
22776
72453
15971
32988
92909
50775
56241
95117
21252
92594
55594
17037
95212
45557
63435
68255
99863
4256
90931
85461
12700
56657
66772
84095
86806
63952
73213
13116
69683
46742
71757
11755
96909
38718
8447
30543
76139
79204
71326
2981
97854
84861
29771
67494
90129
74382
88801
31511
16637
71551
32364
46456
17940
95464
75145
34523
22450
94531
5582
93295
41887
43016
52496
83056
12270
80674
97145
13846
68353
46563
11069
89123
66110
45788
175
82428
80003
31772
14255
59566
66273
14526
70565
54185
95984
20074
95544
84546
55723
9476
43991
96967
82961
13764
2163
27079
36291
26341
58796
36367
40041
34530
94658
10234
63791
39905
6000
48394
82528
38209
12204
16049
24258
48818
14164
59445
46651
76197
91385
94599
49791
71238
12746
3864
77632
58936
71126
12611
81135
1051
29739
10057
94375
93274
59125
19637
93602
53630
32060
23155
14942
41876
93799
17707
93118
38095
91957
67982
35974
13716
56095
54357
51755
29504
85270
18780
30101
88839
31316
59666
30307
22788
86388
6306
73680
13737
28880
19250
17308
45761
27732
50621
73911
34929
89790
12614
20655
21568
72589
91972
19031
56757
89781
43649
73599
83714
25737
60513
35686
22801
95279
89730
58073
53163
19784
40745
40478
53655
23148
8058
19389
78221
53195
40142
32961
95808
14064
80390
72267
87706
21502
15400
66433
80972
46255
80533
35464
90463
71495
64926
64056
86335
35008
26630
97731
12025
29947
73843
56060
89083
24937
76735
37937
44381
15871
88717
50141
74214
85426
92538
95187
81344
74241
91381
80860
73283
8321
45285
20633
38633
50419
83836
25739
25302
22978
48520
25471
91196
83442
3296
95601
93921
75537
84966
23534
17828
45416
74164
10119
96708
24109
71935
96476
50028
9664
20371
13970
52633
1593
19005
76106
2105
61000
51788
88499
16479
21576
81928
22127
21818
39231
13349
1920
19882
79450
72741
40088
9505
72760
39353
53180
41750
58226
30839
53809
83168
16551
36385
38920
89399
55440
97792
75398
9512
51012
26070
49560
28381
46854
89581
61252
94567
31222
21716
67432
2137
66780
9402
85500
21921
86065
8366
4946
77212
44826
11869
5386
70215
68205
97654
58117
83323
26524
73427
31397
41671
45707
41357
64535
24276
81297
79597
41079
5116
65762
70690
42265
99951
71978
54822
8908
35788
49475
97908
68126
38458
45655
65321
7097
15499
751
32165
70966
22790
57008
25586
18588
68117
85462
69589
53467
40106
10883
52155
12795
69933
18579
53379
10769
61933
80621
69816
71273
17348
7216
61136
39950
32657
796
80865
45460
27150
6834
97235
11476
33603
36962
92253
9267
42394
83940
37829
79126
91093
68874
21316
98150
87448
93731
54175
10851
81929
69762
79428
31544
97647
49931
10685
38312
22568
48522
36227
28952
96807
41766
99661
55765
84202
56363
93675
99086
97737
10908
65200
88677
20484
28521
44232
22567
59000
34686
87993
67934
94578
41078
85690
74972
75441
76777
48141
15219
20893
4264
28290
63490
3703
27207
37070
36361
56615
63498