1 13608 30702
2 31663 32631
3 26884 17134
4 3090 49727
5 18777 21687
6 4541 27949
7 48756 33788
8 36034 44520
9 15176 19237
10 34149 41719
11 36621 42929
12 12084 37528
13 35037 44316
14 44421 15607
15 32672 9204
16 48960 1772
17 14328 44040
18 24034 46198
19 32175 22351
20 43870 1428
21 25383 30578
22 19483 13861
23 46370 33970
24 10360 17389
25 11514 6805
26 3180 1407
27 31287 31073
28 28974 43484
29 31039 33696
30 47078 42117
31 2367 40168
32 47833 43515
33 48357 44013
34 33250 34085
35 49419 45214
36 27890 23063
37 46588 31015
38 44587 13281
39 29356 23188
40 9479 6984
41 40785 1661
42 38887 26115
43 24695 40668
44 33578 24882
45 28660 20055
46 4845 46507
47 21284 4393
48 7499 11837
49 9493 40359
50 36424 44903
51 48291 46053
52 43900 21568
53 923 45615
54 9255 33361
55 32632 43782
56 15298 15554
57 16513 28232
58 9502 23827
59 46680 47060
60 16895 15114
61 21474 16760
62 38358 3641
63 46057 5317
64 1797 49643
65 3674 10604
66 40572 46182
67 236 34586
68 37158 31568
69 22402 19074
70 9396 35796
71 36693 15199
72 9674 48511
73 47367 47876
74 31602 6735
75 36755 6091
76 6573 49033
77 49052 20400
78 43494 4809
79 46763 6670
80 47051 12748
81 23132 34119
82 34216 42249
83 15307 14276
84 6191 39084
85 24125 13672
86 2329 47616
87 15925 30546
88 48566 3902
89 2069 5788
90 16145 17111
91 5482 27693
92 48723 13262
93 21560 34140
94 4273 16522
95 19085 4279
96 43694 6228
97 45428 42440
98 15485 18198
99 1888 9486
100 35639 36355
101 23537 43866
102 8357 47493
103 8434 17100
104 44859 14787
105 39640 17920
106 38169 26596
107 21392 11618
108 23820 43476
109 26732 2520
110 28246 42430
111 10080 17965
112 13264 21277
113 44900 34792
114 31278 27609
115 43943 3821
116 13053 7267
117 6812 900
118 6861 13723
119 42562 29916
120 20318 27589
121 9510 16144
122 42061 26488
123 23608 26330
124 42103 19842
125 14891 45804
126 16440 39840
127 48516 26408
128 23375 29738
129 13832 41997
130 41109 8832
131 22530 2519
132 3865 7614
133 24189 27449
134 22773 34855
135 32522 38204
136 9504 13434
137 19747 28830
138 20695 44867
139 12308 12977
140 32074 42759
141 9495 38322
142 44671 29752
143 3268 14389
144 35967 3111
145 37171 2501
146 43861 34278
147 17182 37048
148 2159 36854
149 43265 34946
150 6906 4665
151 4533 30227
152 30305 46359
153 28368 598
154 42030 30745
155 18703 17010
156 37385 31246
157 25242 40928
158 49075 16185
159 12389 5299
160 9826 27970
161 49036 43767
162 40192 3022
163 38458 31151
164 19927 35610
165 45580 19673
166 22189 42126
167 27073 37959
168 1007 37351
169 41757 48223
170 46755 47801
171 21527 16501
172 13158 46036
173 8758 2450
174 44416 3808
175 35619 48527
176 9251 48980
177 394 21585
178 33718 4397
179 49909 532
180 46584 41147
181 29140 35052
182 32023 49641
183 39228 35784
184 30416 38173
185 28086 28295
186 26531 44137
187 42541 43276
188 32943 37080
189 13586 41629
190 24403 1603
191 38217 5718
192 9309 38807
193 39620 24501
194 11315 21238
195 34578 43425
196 19463 22051
197 27246 1626
198 7848 27166
199 40723 28261
200 28451 15160
201 23057 30494
202 36158 37654
203 3263 20214
204 18337 49797
205 23416 7999
206 40840 17354
207 27721 33219
208 23715 4471
209 34745 14558
210 30236 38293
211 30874 41184
212 9578 47197
213 38768 10730
214 30124 39200
215 37731 49120
216 39386 38766
217 25557 44021
218 28228 21523
219 45135 7879
220 28595 2222
221 47417 8988
222 32941 18909
223 8148 38762
224 19759 10226
225 22604 33933
226 20544 45445
227 1714 29645
228 1488 40996
229 10463 41975
230 24311 34609
231 14731 35709
232 46847 1285
233 32786 49517
234 37173 10545
235 3337 27487
236 36783 1282
237 20061 11863
238 21432 4149
239 46678 49341
240 30021 26484
241 30971 618
242 20034 30366
243 35960 41860
244 26654 37806
245 6338 13376
246 22303 40739
247 4879 39833
248 7969 1995
249 14846 14249
250 39917 35791
251 43964 17395
252 11506 37070
253 25563 22872
254 4466 5306
255 28371 24122
256 45111 24477
257 22934 48289
258 17703 23620
259 42738 23928
260 41453 23670
261 23999 1734
262 30472 30638
263 27772 7703
264 3386 11609
265 11563 12785
266 18419 20361
267 20457 24558
268 49773 3118
269 29800 22522
270 13907 13184
271 12329 6932
272 32195 44348
273 218 35570
274 44195 22518
275 46750 31032
276 2787 3012
277 23836 6223
278 14001 7092
279 29757 36279
280 7157 21313
281 31707 36742
282 24256 23792
283 11159 24320
284 43202 49333
285 35438 223
286 39023 48140
287 3827 42100
288 32705 33160
289 37900 3849
290 23597 30044
291 31018 25970
292 49019 31399
293 14124 10554
294 33171 14045
295 12777 45418
296 22346 11496
297 26572 34410
298 18045 16647
299 13377 37507
300 41496 931
301 33792 26386
302 32199 20089
303 34751 22722
304 42571 46632
305 19962 40344
306 22828 18017
307 47251 30047
308 28973 4366
309 35527 2507
310 583 19922
311 25325 10121
312 27903 47412
313 43853 29069
314 41909 49750
315 16849 22146
316 14786 42771
317 15791 4087
318 5557 1449
319 9323 15118
320 9001 9670
321 47023 15009
322 6689 21117
323 45934 24126
324 30945 28809
325 13962 34659
326 49179 37558
327 1419 49325
328 15224 41986
329 5121 45480
330 6612 48188
331 12607 26598
332 211 17486
333 13455 18290
334 6407 46342
335 41792 7592
336 244 17200
337 4423 18225
338 10175 21354
339 7714 25504
340 28345 49926
341 47313 46865
342 42445 39187
343 19193 21389
344 34330 25208
345 40188 11701
346 45540 21224
347 4130 15105
348 32993 20059
349 44533 16987
350 14893 41678
351 9811 45370
352 16556 8821
353 33607 30627
354 25756 22198
355 23853 28108
356 22708 36512
357 12527 45293
358 30341 49887
359 3938 8111
360 27480 8263
361 49939 3826
362 35409 8214
363 29616 42554
364 49288 20912
365 38023 5911
366 28702 46010
367 7885 23904
368 49518 21274
369 14198 7919
370 35452 14224
371 20340 46672
372 47710 35129
373 8978 19474
374 19960 41236
375 37397 46337
376 13457 42483
377 42114 32551
378 5413 32892
379 17742 44693
380 30186 11174
381 39474 34907
382 35543 35265
383 42031 17908
384 43722 18295
385 11077 8945
386 32312 10237
387 19521 14059
388 32962 2570
389 21503 34943
390 41458 49388
391 10662 2370
392 12816 27997
393 24691 36257
394 47261 46140
395 8891 39990
396 42305 46878
397 33884 42878
398 21853 43750
399 48919 42926
400 11938 15247
401 9196 12418
402 43578 525
403 30604 21216
404 1328 27216
405 9747 45103
406 4912 21008
407 49113 43966
408 4624 12440
409 1014 26979
410 29610 8253
411 41096 12183
412 10329 34918
413 5860 36924
414 35045 30552
415 23969 6854
416 33360 29573
417 27866 4972
418 29254 10716
419 43358 41587
420 11974 433
421 21106 12398
422 33956 38356
423 43887 30424
424 5225 40172
425 1550 24600
426 33373 31594
427 42837 46402
428 30057 6609
429 17755 12139
430 27206 14857
431 38250 20299
432 47951 45381
433 49351 4535
434 44136 25580
435 23938 31781
436 18888 9069
437 34930 25511
438 29839 4414
439 17543 7202
440 30190 1487
441 3320 3904
442 42907 37033
443 29780 17632
444 10829 3309
445 7462 47731
446 39518 45952
447 283 18255
448 42012 47850
449 36745 42201
450 35724 6182
451 27880 17400
452 9138 8556
453 32375 25246
454 7105 21419
455 43719 19700
456 6039 36101
457 839 27193
458 47328 22982
459 2409 10914
460 403 16072
461 29965 10801
462 43117 10046
463 45694 39477
464 8222 17064
465 22233 21550
466 5620 40276
467 18704 18030
468 35340 544
469 37963 43564
470 32181 130
471 4708 7826
472 39724 11499
473 33659 43109
474 221 1549
475 531 43119
476 35377 2184
477 34704 48632
478 47573 9906
479 15474 48033
480 31286 18089
481 5583 6949
482 31525 9361
483 48651 5382
484 38373 30029
485 12336 43002
486 33166 45239
487 11717 10834
488 4523 11786
489 17143 7763
490 30962 9023
491 9647 11393
492 18374 19552
493 3429 45903
494 5644 32968
495 14042 43286
496 15210 34491
497 13149 19191
498 47260 31257
499 18166 38891
500 48965 37534
501 19588 30098
502 5657 36178
503 31238 1031
504 34507 14326
505 12551 45031
506 24068 31670
507 35066 36152
508 9467 32032
509 23589 39784
510 25903 33111
511 32946 41479
512 9247 9926
513 2971 38692
514 28575 19325
515 35280 27808
516 35159 3126
517 37400 33375
518 24172 20527
519 1754 40804
520 26136 18597
521 24188 6561
522 36925 34036
523 2046 18351
524 27282 9264
525 22173 2537
526 11474 28687
527 33479 21272
528 38168 31608
529 33712 521
530 30885 36237
531 259 33813
532 15202 32275
533 6263 9061
534 29684 42920
535 11208 5064
536 30780 49501
537 13521 28315
538 29100 25983
539 36691 24700
540 37261 16659
541 36606 47427
542 28120 38407
543 19302 49014
544 12579 43275
545 26718 6103
546 16240 24445
547 43631 35035
548 2394 28140
549 48111 31517
550 49499 45526
551 42957 46272
552 46334 44004
553 9951 34221
554 20790 45223
555 32251 43882
556 1986 49572
557 26600 29872
558 16387 23867
559 24460 11017
560 24006 39121
561 25714 16657
562 16751 10731
563 7337 19614
564 42441 49823
565 47033 40115
566 39849 37678
567 36261 14174
568 32947 27349
569 24312 12300
570 18113 21537
571 49489 21822
572 7875 42006
573 1292 7070
574 10194 38822
575 27339 6629
576 4591 18791
577 29623 26252
578 10767 26722
579 6189 8744
580 48852 29028
581 3457 17723
582 11340 25707
583 5011 27851
584 27874 19993
585 48513 595
586 17403 26238
587 20163 36111
588 10411 6431
589 41460 25792
590 36303 47548
591 29077 13789
592 49003 46617
593 40775 34709
594 18520 11302
595 43455 18285
596 5864 29978
597 34669 85
598 40447 29782
599 14117 14497
600 48854 10446
601 2234 48264
602 39403 22987
603 19063 46881
604 46730 49800
605 19553 6516
606 22821 34193
607 24661 7616
608 43046 5873
609 29728 16487
610 30249 44908
611 47282 46056
612 24005 32637
613 25140 3822
614 16826 25694
615 43289 38347
616 20551 15395
617 10780 38329
618 605 48766
619 1998 50000
620 7164 8615
621 41481 10234
622 49424 22164
623 30534 31429
624 23726 22444
625 35169 10978
626 24427 15931
627 17604 48828
628 12265 21042
629 33232 34800
630 13250 37577
631 11119 3531
632 34891 11091
633 20118 26320
634 11732 40190
635 10319 24596
636 5031 8810
637 45435 16872
638 41573 27336
639 4128 33004
640 3987 35757
641 26384 18856
642 47285 46592
643 5045 15054
644 11868 8259
645 41378 43531
646 13663 6468
647 45444 25421
648 18122 30975
649 38371 26235
650 21443 48613
651 23664 29088
652 1560 48102
653 27400 11995
654 29024 28850
655 24204 5985
656 23894 9045
657 8337 30056
658 6434 9703
659 40980 22479
660 20372 28982
661 23045 10822
662 39669 11950
663 1919 47610
664 20548 32266
665 33411 4776
666 47983 23628
667 7263 11217
668 9708 27379
669 8349 33515
670 31499 45523
671 43428 42194
672 24129 8053
673 14244 39818
674 37143 37733
675 28737 15471
676 31918 11751
677 37882 47966
678 5585 35248
679 6120 5375
680 18236 2185
681 19763 46202
682 12736 47292
683 1166 11422
684 23183 44080
685 24947 25398
686 28972 16368
687 34719 37770
688 48203 34926
689 31669 39147
690 33583 1786
691 42813 42009
692 48757 32981
693 23488 7353
694 23322 24227
695 29689 22022
696 29180 42882
697 43371 37999
698 34543 31751
699 25097 46802
700 28155 48274
701 21781 15373
702 16754 22847
703 28112 4498
704 20329 37001
705 46552 36223
706 49697 30685
707 33392 11758
708 45556 16819
709 24304 15203
710 17874 29656
711 24811 40893
712 30915 38180
713 23213 14527
714 38751 24576
715 14120 12545
716 35046 2135
717 34656 44382
718 42611 35740
719 6990 25296
720 5235 33942
721 44989 46735
722 35300 37961
723 19294 22318
724 43678 47856
725 49707 5102
726 10416 30063
727 3744 49326
728 16879 2838
729 7373 39192
730 35918 38939
731 18674 15175
732 28961 15625
733 16631 39004
734 1341 10790
735 40613 49986
736 41061 9660
737 38715 32915
738 37361 35592
739 1559 13705
740 49474 11976
741 34599 9776
742 14036 26991
743 25941 34631
744 3922 22585
745 2685 14333
746 11121 47795
747 7749 45100
748 41195 25710
749 34359 49417
750 1172 8003
751 38853 11197
752 4610 13960
753 26967 8191
754 29502 34683
755 2179 45659
756 37687 21963
757 24193 8564
758 30497 21233
759 15527 2755
760 16336 31720
761 22258 15789
762 41884 14510
763 36638 384
764 43616 48166
765 19410 17463
766 1087 41383
767 14176 39460
768 45914 16192
769 30395 14442
770 940 2079
771 3352 14605
772 35928 28432
773 8504 28020
774 31657 18342
775 1735 31427
776 1080 33815
777 1271 33599
778 13277 4871
779 21564 14628
780 22528 27013
781 12734 19742
782 13155 41164
783 4183 16792
784 5829 11677
785 8705 26462
786 31194 24627
787 43442 8674
788 19934 11011
789 2283 37919
790 19712 7894
791 36307 17224
792 46557 33079
793 16735 14664
794 35771 28639
795 1433 38852
796 33996 1784
797 24800 37283
798 8228 16066
799 46040 17535
800 15219 12601
801 30660 7795
802 33385 711
803 35079 14546
804 15396 5882
805 33050 4855
806 2526 14428
807 43353 46503
808 19382 28150
809 24965 13539
810 43658 18300
811 43352 23067
812 46007 12755
813 22771 24246
814 32437 20656
815 2870 26737
816 26510 24917
817 36948 31388
818 21245 39380
819 46281 21608
820 18837 3339
821 8768 11957
822 4202 49829
823 18797 1572
824 6765 23104
825 38941 34148
826 28258 49054
827 13408 20717
828 36146 23544
829 39572 40468
830 23573 48350
831 18631 41368
832 49498 48853
833 27161 4919
834 21960 22285
835 37096 34925
836 20411 42183
837 37952 41552
838 22407 12770
839 36643 32871
840 44043 41325
841 12275 40067
842 15887 46662
843 17218 8375
844 20351 23019
845 7235 32874
846 37340 34514
847 39509 29409
848 33938 22225
849 47701 45941
850 21399 5334
851 24033 36491
852 16553 45874
853 6239 42618
854 38185 5450
855 28245 30042
856 12299 29442
857 3653 32680
858 34780 33785
859 45724 40008
860 16110 41657
861 36156 44723
862 32762 1770
863 28725 10950
864 28367 21402
865 25957 31507
866 40866 20998
867 16773 20625
868 2597 31020
869 16830 49440
870 45095 17544
871 11433 6462
872 11961 45566
873 4970 37650
874 16799 16917
875 7737 35272
876 14139 29899
877 12271 29355
878 26026 25178
879 35843 18014
880 28330 9295
881 15617 35666
882 21263 4699
883 31141 21581
884 11988 30892
885 45574 33348
886 22348 38806
887 10558 49106
888 13352 412
889 43841 19995
890 14542 35763
891 40383 19908
892 11468 2262
893 4631 13936
894 28613 41560
895 25026 49399
896 112 39852
897 14548 6093
898 2127 28138
899 23757 23724
900 19281 12593
901 34782 37469
902 47821 13529
903 28582 3149
904 14961 25366
905 45175 8639
906 23030 853
907 17438 28148
908 19073 25880
909 29972 24899
910 36936 1245
911 27601 30921
912 11955 35680
913 5344 37301
914 37291 20920
915 8103 39526
916 19502 48460
917 7918 17252
918 33225 32913
919 29103 13837
920 45777 49694
921 11833 26506
922 49153 37931
923 10063 22900
924 21778 44919
925 42188 47269
926 24500 32599
927 45894 48213
928 35735 47568
929 21603 41579
930 29013 47864
931 16708 35183
932 40667 45949
933 7367 20131
934 9552 8866
935 34761 29759
936 24755 19150
937 36043 23576
938 4759 12641
939 46070 38174
940 35318 31959
941 41703 5288
942 32487 33976
943 46032 11180
944 27265 7026
945 23251 12731
946 16003 30238
947 47249 27678
948 4354 17522
949 3780 44944
950 15963 31368
951 11684 34353
952 32547 6019
953 29048 40580
954 10685 1547
955 33097 306
956 7080 49541
957 36528 458
958 11522 26346
959 40215 2508
960 31960 15697
961 40068 23946
962 7158 31714
963 23299 46625
964 42932 36001
965 29198 34483
966 43955 25701
967 24969 27677
968 4593 30800
969 43291 31047
970 47785 17797
971 3596 20084
972 40929 37008
973 15425 28557
974 4987 17834
975 31605 25723
976 31771 36449
977 17140 1135
978 23788 9842
979 38898 15899
980 5313 43210
981 16469 22541
982 25966 31828
983 8227 1832
984 5241 41341
985 5469 567
986 44035 40175
987 10607 41049
988 39576 3638
989 18435 17490
990 19591 8210
991 5889 22857
992 31204 16744
993 12996 19399
994 20573 23812
995 31691 12108
996 16091 38568
997 46298 555
998 6874 44158
999 12565 42761
1000 41303 49663
1001 36565 38251
1002 46877 31515
1003 38924 49368
1004 20684 43236
1005 17578 27294
1006 34569 5696
1007 38284 2105
1008 44344 44225
1009 40573 9809
1010 48923 25135
1011 48056 40083
1012 39931 45984
1013 38145 68
1014 25784 18742
1015 46848 20769
1016 23642 23997
1017 35651 22675
1018 30246 20807
1019 37307 26492
1020 31580 44803
1021 29578 2219
1022 5473 40753
1023 40214 39914
1024 29534 38096
1025 36950 29620
1026 44368 18405
1027 16079 31578
1028 43158 39256
1029 5831 42651
1030 17969 13869
1031 43768 11446
1032 16990 859
1033 34368 23996
1034 27212 2974
1035 40649 25760
1036 47325 11608
1037 29398 14423
1038 26677 22105
1039 42260 45749
1040 3599 18052
1041 24496 45473
1042 20975 24915
1043 43297 23736
1044 42762 18716
1045 29958 5327
1046 6444 35815
1047 4770 3679
1048 26541 21548
1049 13258 4799
1050 2153 33157
1051 3117 16143
1052 25781 32777
1053 32189 41831
1054 21296 42221
1055 3687 44284
1056 30748 30423
1057 31829 44840
1058 38057 14734
1059 41609 7436
1060 30589 44094
1061 22133 286
1062 9174 553
1063 30176 15493
1064 24279 17009
1065 28531 20699
1066 10090 17762
1067 9580 45155
1068 49311 30385
1069 29510 27682
1070 48528 20024
1071 33267 2754
1072 20788 23139
1073 36073 8786
1074 9668 18387
1075 41203 34940
1076 26311 24464
1077 39647 16311
1078 13601 11741
1079 12217 28471
1080 15905 21690
1081 36372 34325
1082 26973 49931
1083 45338 10556
1084 27944 4334
1085 3354 31769
1086 26912 48697
1087 21591 20933
1088 11824 47994
1089 47151 6642
1090 1719 36601
1091 36036 31637
1092 10094 14078
1093 42634 29236
1094 14661 40331
1095 27398 46261
1096 32461 41753
1097 35825 43317
1098 19132 13023
1099 28818 18430
1100 30481 18842
1101 41542 42125
1102 31563 48390
1103 1301 11983
1104 12986 13785
1105 26173 34757
1106 24424 257
1107 46082 42159
1108 44390 48391
1109 29293 4131
1110 48321 41486
1111 27632 4983
1112 46364 15384
1113 18354 2351
1114 18579 42254
1115 6836 48654
1116 17991 39486
1117 2639 22834
1118 39312 38661
1119 4139 26353
1120 24694 27089
1121 34561 12665
1122 42773 49487
1123 9946 41334
1124 33979 21522
1125 40709 31087
1126 35867 14310
1127 40026 41221
1128 18607 29049
1129 7249 38681
1130 47672 23277
1131 18356 24276
1132 33180 42278
1133 3994 10830
1134 20353 42566
1135 848 46322
1136 35456 29563
1137 9963 29407
1138 47804 16741
1139 9130 8623
1140 8113 44988
1141 12107 4190
1142 30038 2102
1143 48057 35504
1144 30252 36212
1145 5416 919
1146 40950 6097
1147 21229 39571
1148 6009 48829
1149 189 12441
1150 38401 33244
1151 17118 27042
1152 43116 24462
1153 40361 31439
1154 21333 40777
1155 8508 14627
1156 4377 22838
1157 5415 35969
1158 9659 44715
1159 40908 9633
1160 8938 14802
1161 26497 44452
1162 7434 46385
1163 32477 49890
1164 15062 43667
1165 24534 4501
1166 49630 32778
1167 38047 11752
1168 3782 7223
1169 9849 38387
1170 44226 3920
1171 3770 48998
1172 9961 41124
1173 16092 4915
1174 14551 18036
1175 30313 44707
1176 42276 48416
1177 26946 39358
1178 14020 20014
1179 39437 5157
1180 15492 46908
1181 25224 7685
1182 507 47307
1183 43315 11420
1184 31199 17432
1185 30599 4913
1186 27594 2161
1187 33677 19785
1188 42497 42238
1189 21323 37061
1190 26046 12391
1191 11233 16512
1192 36541 20450
1193 14958 5898
1194 27703 36562
1195 19162 6359
1196 34844 47118
1197 26078 10621
1198 22319 33676
1199 13177 14461
1200 5503 32950
1201 27010 28931
1202 4171 29345
1203 14535 3009
1204 45683 36602
1205 16528 3836
1206 41330 22360
1207 12121 24517
1208 5504 49413
1209 41947 33971
1210 48545 40009
1211 18971 19984
1212 20890 24929
1213 40137 49062
1214 23127 38200
1215 42098 17647
1216 48541 30050
1217 33138 30992
1218 42090 13588
1219 8245 41608
1220 32458 2845
1221 1873 24028
1222 3486 39587
1223 41984 45939
1224 34172 11226
1225 11566 22093
1226 11052 45815
1227 10125 5887
1228 17701 3611
1229 44509 36442
1230 25582 37811
1231 10686 25780
1232 2235 39398
1233 37935 46757
1234 41824 7451
1235 34168 38209
1236 20604 11669
1237 2225 48623
1238 42119 24810
1239 45668 5739
1240 39049 31801
1241 25206 39279
1242 11836 11223
1243 15708 22608
1244 39420 8813
1245 20300 13028
1246 45657 21226
1247 3039 20480
1248 13066 7731
1249 5855 33981
1250 27234 35886
1251 787 548
1252 47947 14243
1253 41123 45188
1254 37844 6544
1255 30568 3727
1256 29719 27513
1257 20130 25493
1258 36573 10699
1259 36992 16452
1260 31625 24787
1261 26292 30778
1262 49344 13980
1263 15506 49115
1264 15848 46326
1265 43223 14592
1266 1520 42213
1267 11616 6084
1268 49471 27394
1269 8203 12507
1270 31212 894
1271 607 46574
1272 23916 18376
1273 43607 45017
1274 30228 29817
1275 37605 19871
1276 41556 35008
1277 39875 37667
1278 33946 14186
1279 15618 38125
1280 23200 48157
1281 32368 46352
1282 49110 47599
1283 8704 8580
1284 44921 7238
1285 20396 27545
1286 30746 29933
1287 5143 6006
1288 33557 13257
1289 2473 19347
1290 36829 25787
1291 6700 37772
1292 36723 18369
1293 22125 26337
1294 33259 20801
1295 9249 526
1296 14483 18951
1297 1223 33706
1298 43338 21801
1299 25111 16525
1300 5994 48409
1301 16272 15385
1302 29654 32426
1303 49080 10048
1304 36363 35632
1305 40163 28478
1306 47276 49447
1307 15540 28560
1308 30864 42029
1309 47606 8091
1310 3665 7008
1311 27593 10279
1312 37539 42328
1313 20871 34185
1314 2016 41623
1315 18053 9635
1316 9098 17294
1317 27195 33185
1318 22910 8822
1319 48841 8359
1320 9201 17915
1321 49093 25190
1322 7239 2788
1323 11591 7645
1324 40417 30198
1325 4616 39510
1326 34570 45231
1327 14901 39082
1328 27950 43816
1329 19961 32137
1330 37911 27017
1331 18807 8181
1332 20966 38964
1333 22186 19758
1334 43408 31727
1335 12596 14912
1336 22433 25439
1337 16601 15500
1338 36088 1788
1339 38127 38842
1340 40399 28046
1341 11734 16588
1342 44738 27335
1343 37093 48715
1344 174 10710
1345 35832 3482
1346 14709 19184
1347 40524 5066
1348 32699 9649
1349 21489 116
1350 3995 40559
1351 25 25350
1352 46074 49017
1353 1219 42980
1354 21326 25501
1355 19080 1125
1356 32086 34301
1357 35652 32318
1358 6699 3201
1359 36705 24009
1360 28052 41192
1361 47374 1300
1362 32820 1044
1363 25336 34741
1364 37644 10384
1365 48423 28133
1366 42402 21207
1367 15656 32869
1368 44741 41939
1369 29483 27815
1370 27659 37831
1371 40020 4788
1372 21662 41501
1373 23268 47234
1374 19375 13383
1375 7522 40552
1376 24274 44799
1377 8584 44853
1378 14724 38430
1379 36670 29703
1380 44861 40106
1381 7495 49714
1382 13270 20231
1383 49901 45892
1384 12938 26825
1385 44728 15511
1386 27648 25355
1387 24307 46413
1388 34297 24078
1389 8321 2452
1390 40084 49072
1391 16674 40702
1392 48692 46667
1393 144 3153
1394 4555 2021
1395 3237 39455
1396 2320 44297
1397 33489 11640
1398 15700 19878
1399 25389 35302
1400 28063 44239
1401 12520 42591
1402 17416 36762
1403 3258 29094
1404 24729 3376
1405 39772 22018
1406 16292 42953
1407 15793 31484
1408 35703 49412
1409 40498 47660
1410 22571 42867
1411 33199 25100
1412 18 48436
1413 36493 13810
1414 10229 35537
1415 22007 23539
1416 29935 2582
1417 40633 16937
1418 38733 15794
1419 35232 3299
1420 10235 5071
1421 37216 41537
1422 27953 7004
1423 15833 41086
1424 763 16623
1425 20037 25133
1426 27122 17327
1427 15987 30815
1428 7066 22602
1429 8334 46572
1430 31864 18263
1431 47919 38664
1432 48135 7759
1433 34621 31816
1434 3763 10419
1435 21998 34133
1436 45650 38283
1437 29423 44345
1438 28914 28758
1439 23477 48073
1440 20488 25189
1441 18668 4353
1442 35728 40027
1443 47298 6820
1444 22611 18964
1445 38643 20870
1446 22404 21974
1447 23689 21215
1448 9230 27385
1449 17893 39352
1450 22510 22569
1451 3873 16114
1452 35283 24656
1453 49644 10074
1454 44285 49259
1455 44604 40
1456 49664 20537
1457 18946 4254
1458 39543 36060
1459 9435 21455
1460 25778 49298
1461 48449 47133
1462 21059 34764
1463 49704 29203
1464 1138 5238
1465 16886 3837
1466 18195 46915
1467 7613 48103
1468 38486 12151
1469 32268 49794
1470 35427 48165
1471 10486 2649
1472 37575 2830
1473 11690 20337
1474 43127 31867
1475 28798 30842
1476 46382 15951
1477 10146 13923
1478 13908 39898
1479 5060 32541
1480 34116 23021
1481 10659 49441
1482 14269 35084
1483 25521 2261
1484 33668 49639
1485 18149 37610
1486 8289 41441
1487 37377 4017
1488 35565 27541
1489 24859 23462
1490 31367 34641
1491 8614 10616
1492 25795 16934
1493 21888 4258
1494 35697 6849
1495 22447 18649
1496 38945 17474
1497 32773 40200
1498 18688 41218
1499 15281 35131
1500 42850 44810
1501 32681 5130
1502 36398 30134
1503 9931 7083
1504 35526 31470
1505 29313 46063
1506 3152 7647
1507 8194 12355
1508 6719 15200
1509 31313 30202
1510 42560 21470
1511 34536 18686
1512 5033 11379
1513 44806 6953
1514 33317 15627
1515 19322 21631
1516 45083 44166
1517 44271 36308
1518 42102 38397
1519 2337 44769
1520 44986 552
1521 12732 2121
1522 24680 6814
1523 20196 6266
1524 23654 45179
1525 17207 38375
1526 27875 45399
1527 9180 49015
1528 35321 26012
1529 37794 15652
1530 9469 39299
1531 22853 7479
1532 38785 25686
1533 46223 13430
1534 30477 19986
1535 21492 34760
1536 35379 16231
1537 26845 47705
1538 16432 9798
1539 5316 10117
1540 31420 23233
1541 42862 42049
1542 20139 20628
1543 19520 26813
1544 27806 600
1545 17688 37090
1546 17814 23343
1547 7809 45405
1548 33636 11104
1549 49728 43930
1550 35721 12760
1551 19831 20157
1552 40832 24952
1553 31543 9060
1554 33451 32075
1555 34619 27284
1556 33650 14792
1557 16161 10023
1558 48859 49232
1559 24569 34256
1560 14221 15042
1561 11720 39742
1562 5677 47481
1563 7144 48660
1564 48830 22758
1565 45032 16106
1566 10853 31400
1567 2814 38770
1568 48456 5205
1569 24821 160
1570 6104 23425
1571 43654 37994
1572 38268 39721
1573 40248 23001
1574 6495 30956
1575 42921 19310
1576 6678 15001
1577 25260 33802
1578 6194 11501
1579 29986 17006
1580 9420 40848
1581 40430 47740
1582 7868 4426
1583 48862 38983
1584 36053 26809
1585 45586 11092
1586 26119 20035
1587 21472 30482
1588 11538 28980
1589 26590 11436
1590 49680 39676
1591 33080 36278
1592 30615 49466
1593 773 41582
1594 35242 798
1595 35482 30321
1596 3529 10122
1597 37683 8690
1598 27338 10906
1599 31458 4283
1600 25820 46842
1601 49780 4890
1602 19403 22555
1603 33888 19551
1604 3476 46734
1605 31912 6707
1606 36815 41734
1607 3655 9802
1608 16894 11102
1609 26559 40903
1610 21597 13400
1611 34939 32112
1612 7372 8110
1613 44086 11719
1614 48178 23548
1615 22829 47552
1616 28231 30315
1617 17520 12939
1618 41718 28515
1619 17124 9547
1620 20332 33200
1621 41508 1102
1622 45129 42836
1623 16975 459
1624 1791 25535
1625 3167 33897
1626 25034 47848
1627 6909 17040
1628 17280 7733
1629 19511 15850
1630 43844 39418
1631 20681 35047
1632 35423 48531
1633 35478 48879
1634 37316 48563
1635 21686 33525
1636 40706 32801
1637 27507 9042
1638 17318 11712
1639 27438 11234
1640 4368 4741
1641 21006 47674
1642 45509 23995
1643 48804 16249
1644 28795 47036
1645 45732 37332
1646 9616 843
1647 40754 37854
1648 46925 38085
1649 40092 14864
1650 36165 12610
1651 20598 10051
1652 47837 12853
1653 23702 23963
1654 47721 44073
1655 20687 21969
1656 45039 29430
1657 42693 49776
1658 45838 30784
1659 15064 44836
1660 32196 2692
1661 46783 17615
1662 29216 11093
1663 21330 17524
1664 19684 118
1665 3490 14457
1666 45060 14596
1667 1162 38801
1668 29663 25519
1669 14845 25629
1670 8656 28070
1671 37937 27878
1672 43519 23749
1673 22457 13097
1674 36446 8354
1675 48844 41651
1676 10311 28783
1677 14023 44759
1678 16804 1421
1679 27260 38598
1680 12806 8327
1681 34533 7736
1682 35798 1943
1683 30883 5826
1684 15681 2840
1685 23294 23892
1686 15575 31098
1687 27455 13346
1688 44268 25320
1689 40460 33021
1690 14162 27211
1691 48170 2802
1692 602 28965
1693 10005 33002
1694 42729 26439
1695 38461 49969
1696 42315 15928
1697 30115 24412
1698 42922 20380
1699 40951 11148
1700 334 46065
1701 12492 13188
1702 49912 45681
1703 48515 22614
1704 39129 37182
1705 36025 46215
1706 10484 16986
1707 16476 17775
1708 44823 16630
1709 41847 10688
1710 25675 36738
1711 25267 20881
1712 27595 9640
1713 17699 36828
1714 25886 10769
1715 19081 25605
1716 3762 18576
1717 38434 13743
1718 1757 48800
1719 18286 48683
1720 33495 44121
1721 28373 39719
1722 12876 43219
1723 38926 9191
1724 9648 15888
1725 41057 23335
1726 5081 42187
1727 21073 27489
1728 48822 34820
1729 8989 1922
1730 1009 17037
1731 12303 7840
1732 48684 20243
1733 686 7348
1734 40789 5951
1735 32434 101
1736 3838 32653
1737 40396 44128
1738 2312 25611
1739 33436 23436
1740 1847 48843
1741 48973 19276
1742 23420 3721
1743 42966 34219
1744 48137 33896
1745 12008 47927
1746 9140 10725
1747 42858 27267
1748 8149 41803
1749 17837 27165
1750 1564 33818
1751 19430 4572
1752 22817 48270
1753 17263 4834
1754 13330 29806
1755 30316 38342
1756 16544 47566
1757 45182 49222
1758 38944 14906
1759 36847 30811
1760 49632 35608
1761 36129 38380
1762 17396 34132
1763 43920 13675
1764 32160 27213
1765 31506 22678
1766 11960 2954
1767 25353 3048
1768 15454 42395
1769 47407 25049
1770 42648 12150
1771 19941 12750
1772 16152 25807
1773 7208 49315
1774 9675 40345
1775 49994 13056
1776 33854 40703
1777 13207 34174
1778 12129 39379
1779 7020 37028
1780 8064 40628
1781 31143 25197
1782 32493 40991
1783 11429 19287
1784 1508 5616
1785 2376 26029
1786 22091 42112
1787 41117 6162
1788 34111 15978
1789 2969 28359
1790 29417 27280
1791 21810 46836
1792 37628 25581
1793 26169 15826
1794 27794 45801
1795 14537 28376
1796 15598 6033
1797 6010 29456
1798 2193 30049
1799 37517 48294
1800 35998 19494
1801 48063 1982
1802 4815 10120
1803 32809 2061
1804 31069 6880
1805 40290 25834
1806 16489 2286
1807 13249 47211
1808 19263 712
1809 24856 2088
1810 45527 25107
1811 15731 9850
1812 42860 6412
1813 34384 13683
1814 14430 2734
1815 8297 13017
1816 32252 38399
1817 18950 34241
1818 45394 45294
1819 22036 31564
1820 25775 41782
1821 5910 3853
1822 25179 20621
1823 14732 11560
1824 27148 20913
1825 32697 19398
1826 3839 30630
1827 12521 17470
1828 18164 25705
1829 27422 35669
1830 10979 16166
1831 32052 40765
1832 29692 40289
1833 44796 28294
1834 9162 6868
1835 26612 21422
1836 24205 31932
1837 44048 8285
1838 25387 48397
1839 29037 11370
1840 22382 46797
1841 35727 44334
1842 32163 1599
1843 27114 5537
1844 14352 20543
1845 42824 48702
1846 34191 4311
1847 40414 44001
1848 20826 20365
1849 40130 17235
1850 14925 2961
1851 7684 24667
1852 45666 488
1853 23316 23263
1854 43606 10956
1855 16315 29541
1856 30299 17639
1857 3200 13006
1858 9429 29060
1859 39828 18438
1860 41319 14582
1861 12860 7242
1862 39949 16474
1863 554 30468
1864 16837 33380
1865 15699 2931
1866 28484 13351
1867 5378 985
1868 37755 24946
1869 31467 26271
1870 10482 15452
1871 19769 5043
1872 46540 30325
1873 15148 28666
1874 20547 12064
1875 19210 34224
1876 23801 14278
1877 44866 36013
1878 41867 39725
1879 27303 22089
1880 43390 22556
1881 4442 30496
1882 30696 29688
1883 4494 5899
1884 41999 41531
1885 46463 34821
1886 42876 48896
1887 47774 15017
1888 1948 2364
1889 33514 34531
1890 36072 1278
1891 18057 32425
1892 5168 13984
1893 29627 9497
1894 25151 25086
1895 30866 49210
1896 10449 33775
1897 42207 12135
1898 25976 48348
1899 27556 12222
1900 6217 32129
1901 48890 38580
1902 42038 27525
1903 39522 22027
1904 40987 45770
1905 33318 14966
1906 45384 29504
1907 1256 16695
1908 12029 39621
1909 12400 3881
1910 27029 24654
1911 20533 17558
1912 37825 14197
1913 29701 38819
1914 21319 333
1915 49386 15949
1916 31110 44183
1917 40786 13344
1918 35156 8892
1919 19030 12380
1920 29406 9222
1921 46362 11211
1922 17514 26575
1923 4047 4303
1924 39645 29492
1925 32272 43134
1926 19563 9587
1927 10139 32020
1928 23882 4619
1929 24363 45014
1930 10064 43403
1931 13729 33983
1932 3290 136
1933 31245 14757
1934 15804 47990
1935 3667 45373
1936 9539 33914
1937 33575 32860
1938 38108 10811
1939 14168 41026
1940 39881 13164
1941 6025 39443
1942 36616 17158
1943 27672 49031
1944 1413 14951
1945 33243 18035
1946 44015 31254
1947 34138 12339
1948 16503 2794
1949 32116 23915
1950 48677 38556
1951 47449 1624
1952 5088 8346
1953 1471 19278
1954 19561 2933
1955 22971 7365
1956 28714 40913
1957 41222 18389
1958 14385 25996
1959 12412 31012
1960 31421 4090
1961 46613 4360
1962 20349 3861
1963 33498 42695
1964 36191 7127
1965 13439 6587
1966 17902 34316
1967 32957 34455
1968 48582 46637
1969 15808 46199
1970 42524 38333
1971 36343 1479
1972 21418 26502
1973 4284 29383
1974 49352 46389
1975 16412 766
1976 35671 47628
1977 41212 20445
1978 36420 36803
1979 36162 8759
1980 10881 47218
1981 26631 8968
1982 19654 16696
1983 12709 21111
1984 24565 27302
1985 33917 26701
1986 37359 13498
1987 7006 44427
1988 17679 18284
1989 7650 42318
1990 43820 3447
1991 8779 48467
1992 28218 40360
1993 3431 41566
1994 49712 38909
1995 30244 11775
1996 34584 17654
1997 28360 13506
1998 43313 21554
1999 15292 44087
2000 3576 43687
