1 2548 4379
2 2456 3742
3 3181 1445
4 4008 1640
5 2138 743
6 3297 3622
7 3936 510
8 3827 632
9 3436 2616
10 2796 4543
11 4375 4553
12 3049 2931
13 555 2230
14 4906 3005
15 3179 599
16 859 1201
17 4361 1136
18 4133 2639
19 426 747
20 3295 2140
21 2671 3857
22 1274 2767
23 2452 4715
24 1608 2164
25 4303 393
26 1111 239
27 4286 3862
28 1068 3960
29 4941 4600
30 2647 1831
31 1221 1921
32 2640 4724
33 4258 160
34 417 746
35 3966 4472
36 1773 4299
37 1417 2040
38 4363 1722
39 881 4451
40 3831 4743
41 3665 3801
42 396 4141
43 1382 3567
44 1764 2543
45 2121 415
46 30 309
47 1714 1041
48 3078 2351
49 4400 1339
50 2141 3559
51 4481 3987
52 3550 1443
53 2773 3099
54 3422 328
55 579 1257
56 2544 3823
57 4838 998
58 4317 1509
59 4859 618
60 3745 445
61 783 3671
62 2472 3407
63 1477 4968
64 1756 4500
65 3016 4218
66 235 4448
67 4804 110
68 1576 1618
69 2450 1133
70 3162 2655
71 506 3611
72 921 292
73 4867 3234
74 1008 4701
75 4594 89
76 1466 1288
77 4634 1991
78 3299 2045
79 3464 3636
80 525 4683
81 581 3288
82 3905 4190
83 3250 2287
84 3601 3655
85 3313 216
86 3483 3809
87 4563 2595
88 3613 1705
89 4174 2541
90 4599 733
91 3860 837
92 4831 2725
93 2480 4511
94 4295 3244
95 1324 2643
96 3248 4351
97 4304 3853
98 4284 3282
99 4668 2009
100 1091 2552
101 2443 1191
102 819 4785
103 4345 3738
104 592 3789
105 233 2583
106 3572 4169
107 999 4877
108 2491 587
109 1983 1785
110 2334 4689
111 871 353
112 4955 873
113 97 4060
114 4000 2337
115 4120 3873
116 3190 3657
117 4292 872
118 1446 4664
119 1273 1313
120 677 3979
121 1574 4887
122 1864 4015
123 539 3736
124 3593 1718
125 1183 684
126 2797 2506
127 3416 4694
128 2991 2453
129 850 845
130 4677 1275
131 3499 4805
132 3178 2877
133 453 4688
134 3075 4034
135 1059 653
136 444 477
137 1765 3785
138 2961 2288
139 1451 4081
140 3783 980
141 4339 3909
142 1121 463
143 4672 4949
144 2279 1675
145 1742 540
146 153 2847
147 694 4692
148 1632 2383
149 4426 1956
150 1370 1612
151 4901 4808
152 520 865
153 1077 116
154 228 2420
155 4632 4262
156 4054 1330
157 3584 3264
158 4491 1331
159 2017 4201
160 559 2609
161 4378 4121
162 2222 3877
163 1020 1696
164 3189 4736
165 2686 2840
166 549 3351
167 423 2432
168 1305 3210
169 1573 2612
170 4740 1022
171 4853 1944
172 1260 2425
173 2794 275
174 3216 3243
175 4948 26
176 4253 1638
177 900 1919
178 2052 1057
179 385 4023
180 135 198
181 2839 4272
182 262 1456
183 4032 3263
184 3891 1071
185 3266 3028
186 1562 1512
187 3784 4797
188 2175 2344
189 3145 2106
190 4094 4862
191 2555 3669
192 4843 4796
193 3161 1478
194 1069 3656
195 2081 2950
196 4620 751
197 3043 42
198 2074 2347
199 4224 4592
200 4045 3285
201 832 4658
202 720 1049
203 3142 945
204 379 3126
205 2029 4033
206 285 2329
207 2766 3382
208 226 824
209 462 1533
210 2180 3089
211 3829 3427
212 4261 692
213 2261 870
214 1546 2402
215 1314 3759
216 2701 2415
217 68 890
218 1518 1935
219 1528 1037
220 4893 4154
221 4205 2298
222 4417 2678
223 2599 627
224 3688 4202
225 4783 1899
226 4956 4017
227 3006 2955
228 1810 3059
229 4332 2388
230 4698 3466
231 1338 145
232 1373 1350
233 4821 1162
234 4738 2236
235 1861 475
236 4879 3010
237 2386 1751
238 742 4979
239 3269 4440
240 2734 3851
241 4763 3165
242 364 4377
243 4397 2039
244 4902 4799
245 4042 2940
246 1292 2161
247 782 2352
248 2078 3339
249 2834 2166
250 1369 4460
251 3432 2520
252 4932 4214
253 4876 1605
254 461 1575
255 560 2791
256 2242 1291
257 2717 1927
258 763 2299
259 2820 2147
260 1910 1542
261 1028 2830
262 532 1178
263 3523 4325
264 2109 2833
265 3640 2028
266 1750 2549
267 2865 4327
268 3159 2979
269 4132 4575
270 2390 3828
271 3156 296
272 3476 1334
273 3144 4880
274 2585 1145
275 3607 3166
276 650 1949
277 1164 4129
278 210 1937
279 2183 1940
280 479 27
281 1578 2348
282 1449 1431
283 1021 4222
284 2829 1934
285 2326 259
286 2959 1434
287 1452 98
288 1436 4236
289 2082 1082
290 2306 3471
291 4198 4732
292 867 3256
293 3643 688
294 3533 3832
295 3910 4435
296 529 200
297 374 4686
298 2805 4995
299 2632 1916
300 4092 3119
301 1248 2262
302 2325 2509
303 3837 1830
304 3468 1387
305 2342 3646
306 2511 2742
307 3635 1959
308 3571 2184
309 836 4288
310 3626 2414
311 2659 911
312 4352 4646
313 3957 3502
314 3242 3681
315 2079 818
316 3327 1570
317 4266 2493
318 2059 99
319 1793 3139
320 2526 869
321 2331 4005
322 125 2554
323 3120 3027
324 4318 1783
325 2365 856
326 3748 2254
327 1611 79
328 3633 4649
329 3886 2048
330 611 4964
331 1847 646
332 2694 1691
333 1102 2588
334 3097 3322
335 373 1213
336 1197 3081
337 4368 3904
338 4479 2345
339 3660 2310
340 1483 3109
341 4268 1410
342 3915 4549
343 108 3968
344 3768 4496
345 4365 3463
346 3401 3989
347 1358 4165
348 701 3412
349 1689 4654
350 1706 4301
351 491 1637
352 2154 4037
353 933 4142
354 1285 313
355 4774 4233
356 419 1487
357 4374 4890
358 2097 3986
359 815 3980
360 1806 922
361 1083 1076
362 252 4669
363 4122 4798
364 338 2606
365 1668 2577
366 552 1116
367 1293 740
368 2695 2887
369 3252 2972
370 12 4254
371 3528 3254
372 1776 2859
373 2893 3395
374 246 2594
375 674 3209
376 2190 1531
377 2107 3431
378 473 1430
379 3705 4401
380 4334 1225
381 3096 3969
382 2508 703
383 3404 624
384 3426 3825
385 2557 4565
386 3057 502
387 2128 4053
388 2374 925
389 2863 4712
390 1295 201
391 3402 773
392 3632 4947
393 934 2649
394 4576 4508
395 1110 66
396 441 3038
397 2291 562
398 2646 2202
399 3303 2787
400 4421 2813
401 83 4276
402 1294 4058
403 3357 1779
404 3623 924
405 3076 4788
406 2958 3164
407 2257 541
408 4011 3259
409 2315 1394
410 2136 4444
411 853 1712
412 2838 3095
413 65 4635
414 2263 1346
415 834 69
416 2971 3306
417 3614 4939
418 357 4962
419 2142 4197
420 2709 2417
421 2416 2281
422 2819 551
423 1894 4264
424 2800 3701
425 4711 2379
426 1278 51
427 1237 3061
428 4148 2280
429 1148 1999
430 11 4530
431 1885 4243
432 1455 1832
433 731 1556
434 4537 3251
435 2628 1826
436 2775 3255
437 4741 2357
438 2645 2879
439 3304 1435
440 1541 229
441 2993 536
442 2629 4216
443 2825 4865
444 2899 955
445 996 3535
446 683 2519
447 2611 1268
448 3786 4582
449 1981 1325
450 3667 2533
451 1600 1762
452 4638 2888
453 3760 1220
454 3925 2396
455 4926 3538
456 3791 1250
457 2366 347
458 4791 4248
459 351 4852
460 2935 2562
461 3278 3195
462 1484 1707
463 3207 1017
464 4055 3460
465 2687 1664
466 2779 3874
467 779 388
468 1804 4024
469 4066 3271
470 3696 214
471 2253 2467
472 598 138
473 2852 4219
474 809 918
475 2210 4940
476 2289 4873
477 3103 2836
478 1433 2812
479 1391 1218
480 3570 3350
481 629 4149
482 2956 124
483 972 4074
484 4731 4973
485 2902 4310
486 3672 4457
487 2894 335
488 2719 4988
489 645 1553
490 2218 1967
491 2744 1786
492 2023 3726
493 738 1462
494 1267 4123
495 1398 4391
496 4029 258
497 2896 4864
498 2460 1897
499 4659 4997
500 3042 59 