2 4
3 1
3 68
3 59
3 4
4 47
4 94
4 48
5 15
5 18
6 34
6 14
7 13
7 28
8 44
8 50
9 30
9 12
9 34
10 65
10 21
10 99
11 80
11 89
11 76
11 93
13 43
13 63
13 25
13 26
15 98
15 97
15 72
15 92
16 25
18 98
18 36
20 85
20 69
20 10
21 5
21 69
23 58
23 51
24 70
25 88
25 52
25 14
26 14
26 70
27 5
27 94
27 45
27 4
28 11
28 68
29 48
29 64
30 14
30 1
31 10
31 30
33 87
33 74
33 61
35 7
35 61
35 43
36 94
36 9
37 1
37 44
38 41
38 81
38 83
38 58
39 23
39 72
40 64
40 50
40 42
41 70
41 58
41 24
41 68
42 70
42 98
42 24
44 51
44 19
45 14
47 67
48 96
48 85
49 91
49 25
49 74
49 42
50 71
50 96
50 94
50 17
51 65
51 10
52 74
52 51
55 74
55 62
56 96
56 7
56 3
56 91
57 15
58 94
58 77
58 19
59 38
59 88
59 17
60 14
60 74
60 44
61 53
61 46
62 70
62 6
62 75
63 2
63 21
63 18
64 71
64 61
65 52
65 54
65 68
65 70
67 11
67 61
68 25
69 7
69 34
69 87
69 90
70 77
72 74
73 5
73 31
73 45
73 83
74 31
74 3
74 15
75 18
75 38
75 33
76 10
76 95
76 100
76 20
77 74
77 9
77 35
78 15
80 15
80 9
81 49
81 48
81 84
82 21
82 98
83 32
83 31
83 13
84 64
85 9
85 7
85 30
87 66
87 22
87 50
88 10
89 23
89 24
90 14
90 49
90 66
90 13
91 28
91 68
91 85
91 30
92 21
92 4
92 46
93 3
93 54
93 61
93 27
95 41
95 22
96 16
97 83
97 40
97 43
99 64
99 96
99 94
99 87
