3 1718
3 51
3 73
3 813
4 1444
4 29
4 1867
5 592
7 901
8 690
9 641
9 1448
9 364
10 778
10 1182
10 698
10 542
11 325
12 795
12 1679
12 1724
13 93
14 1208
14 273
14 1774
14 1078
15 920
16 1302
16 455
16 1202
17 15
17 186
18 204
20 881
20 215
20 1902
20 1469
21 78
21 1913
21 1395
22 644
23 1804
23 1320
23 1302
23 24
25 1857
25 776
25 537
25 876
26 665
26 935
27 1399
27 643
28 995
28 1959
29 627
29 1641
30 860
30 1431
31 679
31 1212
32 1993
32 628
32 1107
33 231
33 430
33 78
34 979
34 3
34 364
35 1964
36 1109
36 1658
36 287
37 741
37 1083
37 714
37 778
39 214
40 1220
40 896
41 627
41 1545
42 1166
42 220
43 370
44 592
44 1236
44 411
45 1512
45 527
45 100
45 1787
46 504
46 165
47 1500
47 1761
47 1341
48 1230
49 619
49 873
49 365
50 1131
50 1230
50 1852
51 652
51 1589
51 1877
54 980
55 256
55 350
55 1376
55 1485
57 1793
57 1309
57 1074
57 464
58 155
58 378
58 1173
59 10
59 841
60 815
60 571
60 1506
60 1274
61 1694
61 1105
61 1873
62 69
62 794
63 1607
63 1034
64 841
65 414
67 507
67 1431
67 836
67 1315
68 638
68 1979
69 57
69 530
70 470
70 1445
70 851
71 1098
72 335
72 495
72 729
73 1216
73 1872
73 386
74 611
74 1249
74 1381
75 1223
76 146
77 1030
77 151
77 1350
78 1895
78 1182
78 927
79 1840
79 207
79 837
79 1691
80 757
80 758
81 1005
81 193
82 615
82 56
84 1091
86 1169
86 71
86 329
86 1546
88 521
88 746
89 1588
89 1806
89 1566
89 126
90 1251
90 923
90 1320
90 987
91 148
91 178
91 1588
91 45
92 1819
92 1270
92 334
92 579
93 1540
93 1365
93 1373
93 942
94 1518
94 803
94 1125
95 1143
95 838
96 560
96 852
97 1300
97 50
99 1138
100 1325
100 63
100 1859
100 101
103 1758
103 1349
105 1901
105 1344
105 1804
105 1761
107 1495
107 126
107 1571
107 1603
108 1578
109 1071
109 1626
110 1428
111 380
111 1266
111 18
111 1573
112 1233
113 1462
113 868
113 715
115 1598
116 649
116 265
116 815
116 1034
118 1004
118 574
118 54
120 196
120 1256
121 239
121 107
122 1915
122 174
122 1190
122 1154
125 246
125 1441
125 1447
125 622
127 271
128 1701
128 108
128 1665
128 1722
129 1474
130 924
130 565
130 1775
130 1948
131 1226
132 1269
133 1068
135 1400
135 1762
135 1589
136 1411
136 1005
136 567
136 1993
137 1681
137 948
138 469
138 1111
138 364
139 1317
140 1505
141 1081
142 655
144 1161
144 861
144 1158
144 1305
145 1837
146 1994
146 796
146 1920
147 946
147 1855
148 1211
149 217
149 430
150 1632
151 1035
151 1565
151 640
151 1432
152 1684
152 648
152 583
153 1345
154 946
154 138
154 411
155 33
157 1605
158 667
158 1076
158 344
158 1564
159 1956
159 318
159 34
159 1778
160 935
160 1489
160 894
160 1457
161 803
161 498
162 769
162 982
162 94
163 1020
164 680
165 510
165 855
165 517
165 1743
167 1445
168 1676
168 794
170 851
170 513
170 888
171 476
171 1995
171 731
173 266
173 169
173 1064
175 645
176 1205
176 444
176 1486
177 1430
177 614
178 556
178 1893
179 1043
179 650
179 1240
180 674
181 241
183 546
184 46
184 1010
184 425
186 173
187 530
187 1607
187 63
188 848
189 102
190 1895
190 1422
190 1859
190 785
192 1004
192 1408
192 334
193 1965
194 1609
194 1531
195 1885
196 1028
198 388
199 1269
199 1379
199 1147
200 786
200 823
200 1343
200 1994
201 326
201 1102
201 1915
202 218
202 1900
202 1460
205 714
205 1011
205 1970
205 38
206 1290
206 1348
207 615
207 157
207 403
209 1293
209 1487
210 266
210 1583
210 1188
210 1950
212 355
212 1051
214 409
214 1571
214 7
214 1623
215 1306
215 1863
215 940
215 522
216 1535
217 678
217 1142
217 1277
217 1054
218 440
219 407
220 602
220 1588
220 243
220 1035
222 1105
222 534
222 1319
222 1593
223 1522
223 1877
223 753
224 1086
224 769
225 1520
227 500
227 285
227 1934
229 67
229 42
229 1232
231 88
231 960
231 669
232 564
232 1742
233 958
234 390
234 1514
235 1396
235 1852
235 84
235 1003
236 228
236 1169
236 579
237 1682
237 1074
237 1630
237 828
238 1973
240 1213
240 421
240 1611
241 1865
242 1499
242 1429
242 1182
242 8
243 328
244 1248
244 624
246 1251
246 1365
247 467
247 582
247 1703
247 1128
248 386
248 1349
248 878
248 1841
249 1320
250 275
251 1621
251 1395
252 1164
253 1358
254 1288
254 505
254 1737
254 97
255 1470
255 569
255 1891
255 1154
257 1797
257 352
257 557
259 352
259 1648
260 1119
260 1597
261 1784
261 673
261 1695
262 1915
262 1773
262 1953
263 1038
263 1538
263 55
263 775
264 544
264 547
264 1127
264 1079
265 299
265 1635
267 1128
267 1302
268 1226
268 1241
269 1026
269 1285
269 1545
269 983
270 1516
270 820
271 505
271 709
271 1635
272 1108
272 114
272 186
273 1769
273 883
273 1376
275 1634
276 1591
276 1756
276 241
277 1662
277 1317
277 553
277 1015
278 1139
278 152
278 33
278 1642
279 721
279 895
279 655
280 1281
281 1460
281 817
282 354
282 1685
282 820
283 340
284 1760
284 1612
284 1435
284 402
285 1829
285 1928
285 1869
286 1033
286 787
286 283
286 861
287 1504
288 294
288 774
289 1855
292 200
292 583
292 1955
292 928
294 195
295 1489
296 939
296 223
297 311
297 536
297 170
297 1026
298 792
298 757
298 1628
298 1059
300 1415
301 621
301 1822
301 716
303 1712
303 1091
304 1121
304 75
304 516
304 1140
305 557
306 527
306 1230
307 1773
307 834
307 150
307 1461
309 371
309 511
309 1865
311 1120
311 818
312 1582
312 1960
312 1034
312 1789
313 277
315 965
315 1518
316 1183
316 1671
316 132
317 783
317 1290
317 71
317 1004
318 691
319 746
319 1707
319 446
321 1571
321 1732
322 562
323 1496
323 988
324 1514
327 106
327 619
327 487
327 857
328 359
328 1023
328 1448
330 1223
330 1763
330 1881
331 173
331 4
332 912
332 1377
332 336
333 406
333 747
334 635
334 1705
334 1946
335 832
335 1082
335 1334
336 1017
337 255
337 1008
339 414
340 1768
340 259
340 644
340 331
341 1203
341 361
341 796
341 1357
342 675
342 973
342 271
343 1348
343 857
343 1717
343 602
344 1315
344 375
344 657
345 687
347 473
347 1115
347 1823
348 553
348 218
348 1385
348 1428
349 205
349 920
349 614
349 1782
352 835
352 524
352 1446
352 288
353 826
353 637
353 1471
354 307
354 1640
355 714
355 1080
355 219
355 65
356 808
356 549
356 551
356 1545
357 1275
357 781
357 734
357 445
358 545
358 1302
358 1829
361 1230
362 1273
362 1743
362 159
362 4
364 1302
365 72
366 795
367 1066
367 538
367 1414
368 1787
369 1782
369 1359
370 1015
371 641
373 439
373 1346
373 202
373 1171
374 26
374 1915
374 1136
374 473
375 1684
375 1232
376 1764
377 1945
377 89
378 1948
378 150
378 1461
379 127
379 1601
381 42
381 1554
381 820
382 675
382 1770
382 272
382 1310
383 1746
383 1561
384 1138
384 1178
386 1377
386 633
386 850
387 367
387 150
387 1541
387 107
389 1512
389 363
390 226
391 672
391 1567
391 1161
392 221
394 585
397 1287
397 898
398 1166
400 372
400 1969
401 1746
401 637
401 844
401 1249
402 604
402 106
403 1786
403 102
405 618
405 624
405 304
406 1185
406 393
406 1079
406 1556
409 1962
409 114
410 911
412 898
412 972
412 1993
412 157
413 1314
413 904
414 302
414 587
414 481
414 509
415 794
415 447
415 228
416 365
416 1719
416 406
416 153
417 1135
417 1669
417 1236
418 725
418 575
418 1016
418 1448
419 554
419 50
419 839
420 132
420 1239
420 1607
421 1915
421 1153
421 462
422 237
423 1111
424 1913
424 712
424 163
424 537
425 410
425 867
425 1091
425 15
426 734
426 854
429 91
429 842
431 565
431 459
431 444
434 1083
434 101
434 1987
434 356
436 1179
436 337
436 1521
436 365
438 1227
441 1684
441 324
441 442
442 571
442 967
442 382
443 801
443 517
443 422
443 1695
446 867
446 1838
448 482
448 1552
448 900
448 1283
449 1474
449 567
449 1655
449 1295
450 1102
450 1638
451 758
451 440
451 1511
451 144
452 898
452 1689
452 1764
452 1416
453 1138
454 358
454 1869
454 1099
454 1414
455 187
455 1755
455 1811
455 108
456 1334
458 1866
458 162
459 1802
459 1870
459 988
460 624
460 1081
460 1626
461 971
461 1807
462 246
462 107
462 1142
463 240
466 142
466 1239
467 1118
467 1905
467 1397
468 762
468 630
468 1509
470 1291
470 1966
472 1396
472 397
472 1148
473 1131
473 234
474 1516
477 214
478 1338
478 918
479 198
480 1498
480 920
480 683
480 1777
481 1750
481 897
483 1499
483 865
483 549
483 685
484 476
487 1500
487 1666
487 1828
487 892
489 1747
489 192
489 921
490 1907
490 604
490 861
490 330
491 519
491 1170
491 1636
492 432
493 137
493 176
493 1182
493 325
495 496
495 1943
495 1016
496 565
497 812
497 1564
497 228
498 336
498 25
499 59
499 1333
499 1355
499 61
500 1277
500 1346
501 1432
502 1781
503 245
503 394
503 762
503 981
504 850
504 1062
504 485
504 1759
505 1410
506 259
506 188
506 1166
506 278
507 1296
507 1783
507 5
507 1694
509 340
509 77
509 768
510 66
510 281
510 261
510 1433
511 1540
511 932
511 1158
512 323
512 1954
512 1370
513 1212
513 1470
513 869
514 685
514 1259
514 370
515 216
515 989
515 646
515 1942
516 572
516 774
516 125
516 230
517 1186
517 1867
520 1270
520 976
521 338
522 1083
522 1520
524 1804
524 1695
524 928
525 1592
525 1815
526 735
526 1246
526 1291
526 248
527 958
527 742
527 1838
528 1904
528 1390
529 1925
529 1899
529 792
530 1270
530 1777
531 1376
531 303
531 1633
531 563
533 644
533 1683
533 1980
534 1043
534 129
534 1906
535 1436
536 1606
536 1603
537 804
537 441
537 749
538 1179
538 589
538 1314
542 56
542 1925
542 932
543 258
543 1052
543 198
543 122
545 1118
545 1258
546 1971
546 398
546 1492
546 1102
547 304
547 1691
548 994
549 165
550 170
550 1108
550 1898
550 1420
551 559
552 669
552 1466
552 789
552 520
553 380
553 1579
557 939
557 680
557 1433
557 247
558 1094
558 105
558 824
559 1083
559 168
559 1236
559 1667
560 1945
561 501
561 801
561 907
562 1078
562 1599
562 417
563 1716
564 1193
564 842
564 1217
565 724
566 221
567 1861
567 254
569 546
569 371
569 714
570 482
570 1904
572 612
572 121
572 1041
572 887
574 570
574 1124
575 628
575 1030
575 868
575 170
576 933
577 400
577 138
577 1576
577 1715
579 969
579 380
579 1153
579 1239
580 791
580 1062
580 1891
580 1488
581 12
581 940
581 571
581 1545
582 1561
583 1220
583 616
583 662
584 778
584 459
587 1036
588 526
588 1611
588 1907
590 428
590 1080
591 907
591 1998
591 767
591 805
592 1906
594 473
594 1658
595 490
595 1395
595 433
595 874
596 1061
596 884
596 123
597 255
597 1992
598 1940
599 1497
599 656
600 580
600 664
600 1531
601 1697
601 466
601 749
602 852
602 875
602 1570
603 1245
603 1118
603 1988
604 267
604 925
604 1861
604 1161
605 1041
605 219
606 1832
606 376
606 977
606 1634
607 987
608 545
608 1960
609 1104
609 750
610 1711
610 1494
610 1170
610 592
611 1645
614 680
614 420
615 1355
615 1276
616 1473
616 1732
617 1979
617 412
618 866
619 344
619 703
620 1361
620 842
620 674
620 399
621 921
621 1766
623 980
623 951
623 1712
623 1695
624 1784
625 705
625 1681
626 1776
627 1873
628 1466
628 56
628 1555
628 1238
631 1784
632 503
632 1493
633 565
633 1913
635 949
635 1107
636 186
636 1116
637 634
638 925
638 879
639 1745
639 1307
640 601
646 1366
646 790
646 303
646 934
647 1066
647 1281
647 1284
647 221
649 372
650 17
650 1186
650 1407
650 790
651 47
652 1116
652 451
652 380
653 591
653 1734
653 776
654 404
654 1131
655 1479
657 1383
657 184
658 1346
658 788
658 1354
658 839
659 1813
659 1801
660 185
660 1439
661 1820
662 1820
663 220
663 74
664 687
666 1935
669 523
669 910
669 1072
669 282
673 1126
676 1751
676 423
676 563
676 959
677 1396
677 1557
677 22
678 1559
679 1730
679 427
679 781
679 512
680 1822
681 136
681 374
682 1925
682 703
682 504
682 1071
683 419
683 240
683 649
684 515
684 1164
685 1929
688 107
688 1736
689 1244
690 1493
690 1911
691 1454
691 1461
691 523
692 971
692 1077
692 839
695 1389
695 1497
696 220
698 1145
699 1120
699 310
699 765
699 1046
700 261
700 1344
701 99
701 1377
701 1397
702 1900
702 1311
703 433
703 1508
703 1198
703 1173
704 1632
706 1067
706 1345
706 1096
706 1843
707 1453
707 1687
707 700
708 1907
708 1869
709 615
709 224
709 637
709 845
710 208
710 1208
711 1013
711 462
711 1322
714 1053
714 495
714 1756
715 648
716 1984
716 1718
717 54
717 804
718 1545
718 1262
718 1053
718 1566
719 1289
719 1193
719 911
721 276
722 1956
723 803
723 1509
723 1687
723 1001
724 787
724 231
724 1434
726 359
726 47
727 1506
728 563
728 797
728 373
728 1255
729 1277
729 1555
731 853
732 1994
733 598
733 255
736 220
736 1059
736 15
742 884
743 513
743 255
744 675
744 86
744 71
744 288
745 923
745 705
745 1352
746 1962
747 1126
747 303
747 313
747 1297
748 275
748 1112
748 22
749 1604
749 310
749 289
750 767
750 757
751 758
751 263
751 473
752 226
752 1499
753 1442
753 1329
753 1935
755 1771
756 1409
756 1450
757 647
757 1406
758 941
758 989
759 596
759 1552
761 617
761 1411
761 1326
762 1330
764 1066
764 1664
764 1297
766 175
766 1669
766 47
766 1632
767 616
767 27
767 399
768 79
769 976
769 1636
769 1711
770 1049
770 1614
771 1744
771 702
771 197
772 188
772 42
772 1027
772 565
773 1225
773 179
773 1752
773 1358
774 972
774 991
775 494
776 473
776 221
776 679
777 1924
777 1434
777 602
778 958
778 477
780 486
781 1998
781 1160
781 67
781 561
782 334
784 765
784 600
785 1096
785 99
785 1740
785 1894
786 617
786 958
786 1430
787 401
787 1094
788 1255
789 1509
790 979
790 1040
791 1812
792 1843
792 983
792 366
793 1348
794 223
794 1962
794 684
794 380
795 43
795 1997
795 1584
795 909
796 564
796 1017
796 932
797 920
798 1966
798 1873
799 781
799 714
800 1816
800 784
801 1683
801 1763
801 248
802 1201
802 1741
803 1129
803 257
803 571
805 694
806 1602
806 1728
806 1609
806 1267
807 1268
809 1039
809 25
810 117
810 1403
810 243
810 307
812 287
812 615
812 1180
812 1038
813 1764
814 1916
815 1652
815 686
816 577
816 1909
816 1166
816 1865
817 1908
817 138
819 1456
820 1779
820 446
820 308
821 1123
821 835
821 679
821 166
822 1422
823 1101
823 924
823 886
824 1538
824 628
825 70
825 1094
825 421
826 202
826 1940
826 1299
826 1208
827 901
828 1249
828 925
830 485
830 205
830 1436
830 1886
831 1142
831 1662
831 484
831 1564
832 1082
832 413
832 701
832 590
833 531
833 633
833 1895
833 1550
835 733
835 1023
835 573
836 748
836 1881
838 1244
838 74
838 1887
840 1330
840 1822
840 719
840 860
841 1217
841 665
841 1909
841 791
842 1439
842 1280
843 348
843 362
843 259
843 393
844 1682
844 671
845 191
845 723
845 1389
845 881
846 1782
846 196
847 1928
847 190
847 1414
847 955
849 238
849 375
849 1266
849 1116
850 537
853 1758
853 1839
855 936
855 1825
855 1173
855 170
856 903
857 621
857 1254
857 1940
857 252
858 1830
858 1719
859 244
860 1285
860 1594
860 1669
860 604
861 1009
861 305
862 228
862 1985
863 1029
863 1507
864 1392
865 1644
866 576
866 1693
866 1122
866 541
868 126
868 1311
868 1500
869 622
869 69
870 280
871 1691
872 629
873 1871
874 1567
875 1496
875 668
875 1704
875 1097
876 1976
876 1112
876 1164
877 798
877 1972
877 175
877 1010
878 921
878 1956
878 750
879 1010
879 124
879 1522
880 1455
881 813
884 572
884 1285
886 1356
888 1071
889 1001
889 1044
889 1181
889 1095
890 1462
891 1124
892 1666
892 964
893 1224
894 1225
894 624
894 974
895 1181
896 750
897 1050
897 213
897 1399
897 1828
899 463
899 86
899 206
899 1609
900 1801
900 186
900 838
900 60
901 858
901 161
902 1438
902 1129
902 1722
902 1310
903 1745
903 234
903 1102
904 1358
904 1409
905 924
906 757
906 1522
907 1744
909 1785
909 1006
909 935
909 1418
913 885
914 1295
914 440
914 1872
915 740
915 1793
915 1755
915 675
916 1561
916 607
918 614
919 1138
919 1656
920 1359
920 1219
920 524
920 1791
921 286
921 1955
922 1887
924 1687
924 1547
925 1644
925 14
925 323
925 717
926 205
926 1072
926 1488
928 287
928 240
929 414
929 1438
929 291
930 229
930 519
931 1083
932 409
932 262
933 660
933 501
933 666
934 31
935 1209
935 1509
935 870
935 694
936 1235
936 365
936 93
936 509
937 237
937 1377
938 1472
938 1765
939 1921
939 965
939 1295
940 743
940 1434
940 53
941 212
942 1446
943 1854
944 1536
944 1207
944 652
944 1821
945 1812
945 1659
945 23
946 253
946 880
946 1504
948 38
948 1135
948 1968
948 100
949 256
949 1938
950 728
950 499
950 1086
950 1285
951 1678
951 413
951 494
951 1534
952 1509
952 1718
952 1158
952 1264
953 1636
953 1498
954 1041
954 1332
954 1348
954 1136
955 736
955 799
955 1328
956 317
956 85
956 1626
956 1056
957 152
957 505
957 1021
957 247
958 800
958 1594
959 653
960 1962
960 1037
961 52
962 840
962 1072
965 674
967 1316
967 25
967 732
968 1561
968 537
969 871
969 318
970 1082
970 1155
970 1829
971 676
971 1350
972 844
972 318
974 396
974 1300
974 1876
975 1567
975 1103
975 1777
975 1495
976 1922
976 890
977 1347
977 160
977 1900
979 106
979 1253
979 1598
979 1397
980 613
980 107
981 956
981 782
981 1386
983 1861
983 1334
985 606
985 657
985 521
987 962
988 1433
988 273
988 1167
988 420
989 1529
989 1397
989 852
989 1610
990 509
990 1550
991 169
993 1712
995 955
996 1494
996 608
996 1347
997 1108
1000 1540
1000 1650
1000 1887
1003 970
1003 1155
1003 270
1005 1765
1005 1478
1007 376
1008 802
1010 1085
1010 600
1010 708
1010 1230
1011 1367
1011 1470
1011 1330
1011 394
1014 1586
1014 207
1014 123
1014 683
1017 781
1017 350
1017 1571
1017 308
1018 1027
1019 956
1020 774
1020 284
1020 1285
1021 659
1021 300
1022 1418
1022 1620
1022 487
1022 962
1024 1948
1024 1708
1024 998
1026 819
1026 1308
1026 41
1026 1928
1027 443
1027 372
1027 904
1027 1771
1028 351
1028 1018
1028 1619
1028 326
1029 1030
1029 1622
1029 744
1029 1449
1030 1236
1030 1697
1030 1621
1030 1771
1031 1910
1031 1020
1032 1372
1033 463
1034 1469
1034 1239
1034 927
1035 1798
1035 244
1037 1365
1037 84
1037 1658
1037 1749
1038 1291
1040 1131
1040 758
1040 233
1040 1765
1041 883
1042 514
1042 1047
1042 1309
1043 1385
1043 891
1044 1583
1045 430
1045 1557
1045 1526
1047 1652
1048 1107
1048 568
1051 40
1051 1908
1051 1292
1054 1116
1055 1335
1055 872
1055 1612
1055 1542
1056 57
1056 818
1056 59
1056 849
1057 1346
1057 333
1057 1105
1059 1904
1060 1849
1060 1423
1061 878
1061 722
1061 562
1061 480
1062 1609
1063 680
1064 823
1065 1212
1065 1469
1065 25
1066 1128
1066 1381
1066 1770
1066 1730
1067 352
1068 409
1068 1333
1069 1677
1070 1038
1070 1303
1071 1182
1071 1598
1072 741
1073 842
1073 5
1073 1586
1075 609
1077 1936
1077 1410
1077 902
1078 892
1078 1402
1078 1883
1078 540
1079 362
1079 1142
1079 642
1079 568
1080 814
1080 805
1080 1861
1083 1416
1083 1907
1083 613
1084 458
1084 316
1084 669
1086 1284
1086 1887
1086 1053
1086 1845
1087 1748
1087 1659
1087 1252
1087 363
1089 1884
1089 69
1090 1973
1091 1840
1091 1811
1091 1801
1092 812
1092 271
1092 1600
1092 763
1093 1680
1093 1509
1094 1292
1094 1910
1095 1972
1095 338
1095 1817
1095 1585
1096 381
1097 1008
1097 99
1097 1250
1097 400
1098 507
1099 1372
1099 62
1099 468
1099 1119
1100 101
1100 256
1100 68
1101 1987
1101 94
1101 375
1102 1165
1102 907
1102 569
1102 1795
1103 782
1103 1163
1103 16
1105 701
1105 216
1105 187
1106 1049
1106 289
1106 1655
1106 198
1108 1810
1109 866
1109 1099
1110 216
1112 1193
1113 780
1113 1575
1114 442
1114 647
1114 118
1114 1078
1115 1437
1115 160
1115 516
1115 1936
1116 77
1117 1828
1117 1766
1118 1778
1118 360
1118 904
1119 1558
1119 588
1119 1913
1120 1304
1120 362
1121 515
1121 525
1121 910
1121 450
1123 1136
1123 420
1123 52
1124 907
1124 1305
1125 1040
1125 816
1126 1435
1126 530
1126 1907
1126 1421
1127 1027
1127 1092
1127 701
1127 1208
1130 14
1130 556
1131 1078
1131 1403
1133 1048
1136 384
1136 1208
1136 128
1136 1088
1137 1293
1138 599
1138 64
1138 16
1140 1797
1140 1041
1140 660
1140 1653
1141 1272
1141 113
1141 1998
1141 176
1142 1485
1142 121
1142 605
1145 499
1145 1819
1145 725
1146 229
1146 214
1148 105
1148 1622
1149 452
1149 957
1149 1372
1149 142
1150 1109
1150 566
1150 170
1150 1442
1151 293
1157 1000
1157 461
1157 795
1158 1235
1158 1855
1158 900
1159 1471
1160 1637
1160 560
1161 1176
1161 995
1162 1802
1162 1031
1162 1439
1162 1570
1163 1091
1163 1778
1163 1102
1163 1510
1164 609
1164 452
1165 1377
1165 73
1165 578
1167 1147
1169 1553
1171 1451
1171 473
1172 56
1173 1714
1173 1704
1173 7
1175 491
1175 609
1176 106
1177 1630
1177 1198
1177 1506
1178 1493
1179 255
1179 1457
1179 744
1180 1878
1180 550
1180 584
1180 860
1181 416
1181 628
1182 145
1184 674
1184 1697
1184 202
1184 1290
1185 1909
1186 629
1186 945
1186 1477
1186 1818
1187 93
1187 440
1187 1911
1187 617
1188 885
1188 1253
1188 107
1189 1333
1189 1021
1190 31
1190 1328
1190 1957
1190 1551
1191 1188
1191 1542
1191 1039
1191 1684
1192 1672
1192 1199
1192 982
1193 1042
1193 1081
1193 119
1193 941
1194 391
1194 1450
1195 1313
1196 1514
1197 88
1197 1865
1197 1844
1197 978
1200 778
1200 1319
1200 1146
1201 886
1201 1304
1201 769
1202 832
1202 471
1202 767
1203 1415
1203 142
1204 1288
1204 524
1206 124
1206 207
1207 238
1207 1764
1207 820
1207 107
1208 292
1209 1216
1209 769
1209 1270
1211 1461
1211 1444
1211 742
1212 925
1212 140
1212 1982
1214 957
1214 1163
1214 264
1214 1650
1215 478
1215 1309
1216 198
1216 615
1216 59
1216 221
1217 920
1217 832
1217 938
1218 1844
1218 231
1218 1600
1220 205
1220 800
1220 1348
1221 197
1221 1405
1221 614
1222 1943
1223 1495
1223 602
1223 1572
1223 890
1224 1904
1224 809
1224 339
1224 1749
1225 1235
1226 1150
1226 296
1226 1265
1227 1960
1228 1926
1228 420
1228 1879
1228 580
1229 1146
1229 988
1229 823
1229 1248
1230 549
1230 1579
1231 344
1231 1923
1231 979
1231 1374
1232 869
1233 693
1233 1321
1233 237
1233 1129
1234 1948
1234 21
1234 1445
1234 1158
1235 1084
1235 855
1236 1799
1236 315
1236 1403
1236 1406
1238 1255
1238 359
1238 1882
1239 273
1240 45
1240 1928
1240 549
1240 1250
1241 1859
1241 1876
1241 1716
1243 1405
1243 863
1244 390
1244 1357
1245 546
1245 856
1245 149
1245 86
1246 308
1247 664
1247 1595
1248 150
1248 884
1250 383
1250 923
1250 289
1250 1990
1252 104
1252 1381
1252 1885
1253 938
1255 1814
1255 1442
1255 751
1255 755
1256 1135
1256 1025
1256 291
1258 1498
1258 686
1258 1809
1258 249
1259 863
1259 1024
1259 1515
1259 1568
1260 330
1260 1241
1260 281
1261 1607
1261 943
1261 1813
1261 1310
1263 427
1263 1887
1263 928
1264 1917
1264 517
1264 1344
1265 1802
1265 1736
1265 1006
1265 1254
1266 147
1266 872
1267 967
1267 1310
1268 1920
1268 1354
1270 1126
1270 712
1271 790
1271 1435
1271 1176
1272 721
1272 861
1272 34
1273 491
1273 827
1273 297
1273 1769
1274 1527
1275 1810
1276 108
1276 168
1278 628
1278 375
1278 1164
1278 1808
1280 618
1280 939
1280 1042
1280 270
1281 162
1281 1987
1282 1806
1282 302
1283 588
1284 1060
1284 1173
1286 1478
1286 1822
1286 129
1287 1785
1288 443
1288 522
1288 1671
1288 1807
1289 1017
1289 656
1289 703
1290 1575
1290 1812
1291 1803
1292 1539
1292 553
1292 1391
1293 1579
1293 1820
1293 314
1293 1644
1294 1642
1294 1331
1294 736
1294 338
1295 1524
1295 278
1295 1117
1295 1478
1296 1785
1296 1315
1296 120
1296 1156
1297 1258
1297 151
1298 404
1298 559
1299 227
1299 615
1299 1450
1300 74
1300 830
1300 1535
1301 293
1301 1998
1301 960
1301 1152
1302 485
1302 1436
1303 1135
1303 883
1303 969
1303 91
1305 178
1305 1860
1305 1881
1305 1829
1306 533
1307 483
1308 987
1308 1555
1309 1186
1309 573
1309 685
1310 76
1310 134
1311 1706
1311 1768
1311 993
1314 1234
1314 1363
1315 1842
1315 800
1318 1790
1319 312
1319 398
1319 427
1320 945
1320 1171
1320 1413
1321 1585
1321 1919
1321 1564
1323 788
1324 433
1325 416
1325 1850
1325 938
1325 576
1327 1767
1327 84
1327 1026
1328 1449
1328 34
1329 1817
1329 225
1330 1060
1330 580
1330 1192
1331 887
1332 1722
1332 911
1332 752
1332 1265
1335 983
1335 1056
1335 1912
1335 825
1336 299
1336 876
1336 1401
1337 972
1337 1269
1339 1030
1340 1882
1340 1616
1340 601
1340 644
1341 569
1341 196
1341 1567
1341 228
1342 1219
1342 1983
1342 1883
1344 1276
1345 1812
1346 995
1346 800
1346 163
1346 390
1347 134
1347 1400
1347 1590
1348 392
1348 990
1349 521
1349 1123
1349 1359
1349 1671
1352 1681
1352 394
1352 1005
1353 1949
1353 546
1353 1228
1355 1690
1355 1551
1355 1946
1356 1219
1356 1503
1356 1071
1357 254
1358 1261
1358 70
1358 1721
1359 19
1360 1549
1361 810
1361 817
1361 316
1361 266
1362 206
1362 1270
1362 1554
1362 214
1363 1006
1364 1616
1365 320
1365 753
1365 1683
1365 703
1366 1392
1366 653
1368 713
1368 1975
1368 1586
1369 98
1370 860
1370 755
1371 1887
1371 179
1372 418
1372 1108
1372 1621
1372 2000
1374 591
1374 1276
1374 653
1375 170
1376 1772
1377 88
1377 1048
1377 485
1377 1634
1378 1251
1378 1177
1378 1895
1378 1667
1379 571
1379 1919
1379 912
1381 1143
1381 813
1381 1667
1381 1417
1382 696
1382 311
1383 361
1383 1827
1383 1338
1388 1189
1388 1725
1388 1648
1389 377
1389 1422
1389 847
1389 918
1392 848
1392 1619
1392 1823
1392 1428
1393 1353
1393 1291
1393 773
1393 903
1396 833
1396 1210
1397 1076
1398 209
1398 984
1398 1445
1399 1140
1399 783
1399 692
1401 399
1401 1984
1401 1615
1401 53
1402 20
1402 759
1402 957
1402 1983
1404 396
1406 1366
1408 766
1412 295
1412 655
1414 1950
1415 638
1415 1961
1415 1829
1415 920
1416 1666
1417 1196
1417 874
1417 792
1417 95
1418 1993
1418 1581
1419 1032
1419 776
1420 691
1420 366
1420 1255
1421 1458
1422 786
1422 1917
1422 1931
1423 1602
1424 1910
1424 475
1427 1652
1427 1100
1428 1239
1429 667
1429 1018
1433 1314
1433 1279
1433 79
1433 1321
1434 912
1434 1617
1434 177
1435 1462
1435 262
1435 369
1435 1997
1436 361
1437 782
1439 1070
1439 1114
1440 268
1440 360
1440 577
1442 71
1442 995
1442 1490
1442 1430
1444 1273
1444 1841
1444 1517
1445 1222
1445 1367
1445 1082
1445 80
1446 1705
1447 822
1447 1391
1447 1468
1448 299
1448 1987
1448 1251
1448 1237
1449 217
1451 1561
1451 739
1451 805
1452 1621
1452 42
1452 1132
1452 124
1454 214
1455 197
1455 1805
1455 1052
1455 1508
1456 865
1456 927
1458 118
1458 48
1459 1044
1459 169
1459 1584
1459 395
1461 769
1462 1567
1462 1633
1462 1526
1464 980
1464 620
1464 1078
1464 1765
1467 1734
1467 805
1467 182
1469 154
1469 131
1469 1342
1470 517
1471 422
1472 1488
1472 1178
1472 677
1472 1088
1473 1266
1473 511
1473 1433
1475 650
1475 1817
1475 1907
1475 1319
1476 1386
1476 1451
1478 1456
1480 1451
1480 612
1481 932
1484 263
1484 912
1484 1657
1484 494
1485 1289
1485 1773
1485 620
1485 1729
1486 295
1486 1014
1486 1535
1489 1830
1489 611
1489 1319
1489 1789
1490 1473
1490 1599
1490 210
1490 1894
1491 1750
1491 674
1491 755
1491 1732
1492 516
1492 1050
1492 1054
1492 692
1493 125
1494 833
1495 437
1496 447
1496 1559
1496 1366
1497 1768
1497 750
1498 1295
1498 1845
1498 638
1498 552
1499 1740
1499 1622
1499 1728
1500 1255
1500 1911
1500 457
1500 730
1501 1979
1501 1162
1501 1721
1503 377
1504 1714
1504 239
1505 1372
1505 83
1506 20
1506 1097
1506 199
1507 317
1508 96
1509 861
1509 1225
1509 410
1509 1199
1510 172
1510 858
1511 1631
1512 1784
1512 462
1512 1181
1513 1053
1513 1524
1513 74
1513 474
1514 353
1514 1702
1514 1349
1515 491
1515 525
1516 419
1516 526
1516 371
1518 316
1518 1452
1518 874
1518 160
1520 1847
1520 889
1520 1705
1520 1117
1521 471
1521 1387
1522 847
1522 557
1522 705
1522 784
1523 1403
1524 326
1524 230
1524 1991
1525 1159
1525 850
1525 508
1525 1780
1526 710
1528 131
1528 349
1528 1391
1528 1258
1529 1344
1529 567
1531 1793
1531 1189
1531 1225
1532 1283
1532 524
1532 125
1532 350
1534 1053
1534 1358
1534 1055
1534 1796
1535 861
1535 440
1535 1614
1535 853
1536 1985
1536 1161
1538 8
1539 1078
1539 319
1539 1775
1539 1587
1540 1478
1541 487
1541 538
1542 1859
1542 1364
1543 1479
1543 1370
1545 623
1545 1040
1545 1678
1546 264
1546 1779
1546 1838
1546 1959
1547 498
1547 1360
1547 1755
1548 1175
1548 1688
1548 690
1548 562
1549 1941
1549 542
1550 934
1550 870
1550 793
1551 1787
1552 523
1553 876
1553 642
1553 691
1555 1378
1555 1651
1555 610
1555 1024
1556 808
1556 1704
1557 504
1557 390
1557 1016
1557 589
1558 581
1558 1168
1558 1320
1558 359
1559 1748
1561 9
1561 1242
1561 957
1562 7
1562 1913
1563 449
1563 858
1563 1063
1564 1196
1564 934
1565 1186
1565 840
1566 210
1567 1067
1567 1333
1568 1587
1568 962
1568 1662
1569 167
1570 1833
1571 209
1571 308
1571 640
1571 1097
1572 839
1572 179
1573 1229
1573 1082
1573 95
1573 1439
1574 955
1574 552
1576 1983
1576 988
1576 1646
1578 655
1578 1308
1579 731
1579 1395
1581 765
1581 1366
1581 1765
1581 721
1582 1482
1583 1548
1585 1715
1586 1843
1586 963
1588 532
1589 1896
1590 181
1590 1635
1590 60
1590 1899
1591 1373
1591 1124
1592 1631
1592 2
1594 1209
1594 1319
1595 812
1595 594
1595 1129
1595 607
1596 499
1596 1240
1597 1277
1597 1986
1597 1011
1599 1421
1599 1448
1599 1705
1599 759
1600 1281
1600 1128
1600 951
1600 626
1601 1674
1601 1578
1602 1868
1602 1023
1602 1946
1602 1159
1603 281
1604 1652
1604 782
1604 1189
1604 1370
1605 208
1605 326
1606 783
1606 360
1606 911
1607 164
1609 1661
1610 3
1610 1742
1610 545
1612 7
1612 737
1612 74
1612 1812
1613 1978
1614 230
1614 245
1616 390
1616 212
1616 926
1617 113
1617 1078
1617 1103
1618 1669
1618 1589
1618 197
1619 1396
1619 120
1620 1014
1620 1185
1620 1775
1622 1035
1624 415
1625 940
1625 135
1626 92
1626 1164
1626 73
1627 1189
1627 1289
1629 1673
1629 1265
1631 1754
1632 623
1632 1345
1632 1628
1633 1458
1633 504
1633 1119
1637 94
1637 1836
1637 1799
1638 1380
1639 1594
1640 1385
1640 1779
1640 397
1640 94
1641 685
1641 272
1642 1017
1642 1583
1643 1368
1643 831
1643 1088
1644 1916
1644 951
1644 1416
1645 1138
1645 1400
1645 1339
1646 681
1646 437
1646 337
1647 606
1650 843
1651 1219
1651 1015
1651 363
1651 1825
1652 1340
1652 135
1652 806
1653 1062
1653 671
1653 1510
1655 1172
1655 1803
1656 1123
1656 970
1656 172
1656 111
1657 724
1657 564
1658 711
1658 1640
1658 1706
1658 1998
1659 8
1659 826
1659 1536
1660 1582
1660 197
1660 1888
1661 447
1661 722
1661 710
1662 523
1662 1504
1663 1880
1663 1747
1663 508
1663 355
1664 1838
1664 38
1666 860
1666 1976
1666 216
1666 1423
1667 829
1667 1932
1667 774
1667 646
1668 687
1668 800
1668 443
1668 298
1669 803
1669 1726
1670 413
1670 1385
1671 1550
1671 464
1673 872
1673 955
1673 1920
1673 981
1674 594
1674 1381
1674 1527
1675 179
1675 347
1677 762
1678 512
1678 208
1679 371
1679 1214
1679 268
1679 1050
1680 1147
1680 641
1681 1235
1683 1696
1684 1061
1685 1557
1685 147
1685 189
1685 1198
1686 317
1686 1789
1687 108
1687 1313
1687 890
1689 1238
1689 1407
1689 1116
1690 617
1690 1419
1690 1388
1690 193
1691 1413
1691 1924
1692 1631
1692 1992
1692 573
1692 1872
1693 1235
1693 1053
1693 1765
1694 909
1694 1497
1694 1672
1695 1697
1695 1916
1696 1399
1697 55
1698 1062
1699 155
1699 1555
1699 56
1699 1013
1700 1481
1701 10
1702 89
1703 590
1704 1660
1706 881
1708 485
1708 173
1708 1652
1708 1870
1709 1277
1709 72
1709 350
1710 482
1710 734
1710 1034
1711 977
1712 1943
1712 405
1712 452
1712 225
1713 416
1713 1271
1713 344
1713 171
1714 1739
1714 68
1714 860
1714 1816
1716 861
1716 1702
1716 1744
1716 183
1717 743
1717 23
1719 658
1719 938
1719 1929
1719 1842
1720 36
1720 642
1720 1293
1723 26
1723 1877
1724 1499
1724 932
1724 949
1724 511
1725 459
1725 175
1726 1323
1726 981
1726 1468
1727 1447
1727 917
1727 1550
1728 1368
1728 1341
1729 1829
1730 955
1731 1002
1731 1405
1731 1835
1731 1637
1734 1067
1734 1290
1734 951
1735 1391
1735 454
1735 1522
1736 1353
1737 550
1737 381
1737 1025
1738 534
1739 1814
1740 656
1740 203
1742 799
1742 422
1743 1565
1743 1319
1743 1368
1743 890
1744 253
1745 126
1747 874
1748 92
1748 1840
1748 1968
1751 1598
1751 420
1751 448
1751 1356
1752 891
1754 751
1754 1921
1754 1495
1754 873
1755 921
1755 1897
1755 904
1755 1313
1756 1883
1757 358
1759 1297
1759 1115
1759 1752
1759 1560
1760 1659
1760 1905
1760 1389
1761 902
1761 28
1761 1980
1761 125
1762 679
1763 472
1763 38
1764 413
1764 1453
1767 1876
1767 891
1767 1268
1767 324
1768 618
1768 1159
1768 687
1769 647
1770 1775
1770 1037
1771 1680
1771 173
1771 233
1771 1501
1772 1511
1772 1697
1772 1571
1772 1406
1774 1405
1774 1687
1776 1950
1776 1077
1776 1895
1776 378
1778 1021
1778 670
1778 455
1778 191
1780 208
1780 1287
1780 113
1782 1643
1782 656
1782 1217
1783 501
1784 1135
1786 636
1787 372
1788 546
1788 536
1788 294
1789 1074
1790 1819
1790 32
1790 1712
1790 1348
1791 1567
1791 1048
1792 1458
1792 907
1792 535
1793 201
1794 1595
1794 1742
1794 1093
1796 1692
1796 301
1796 585
1796 524
1797 223
1797 287
1799 1937
1799 1973
1800 854
1800 1385
1800 901
1800 49
1801 106
1801 1426
1802 1670
1804 1356
1805 1077
1805 654
1806 491
1806 1343
1806 433
1806 797
1807 84
1808 1430
1808 4
1808 1550
1808 574
1810 1492
1810 411
1810 983
1810 366
1812 492
1814 311
1815 1514
1815 857
1816 1787
1816 53
1816 1845
1816 358
1817 569
1817 548
1817 1626
1818 881
1818 187
1819 1333
1819 1847
1819 1489
1819 1483
1820 407
1821 1355
1823 1598
1823 562
1824 78
1824 521
1825 632
1826 1698
1826 1326
1826 1045
1827 699
1828 109
1828 1776
1829 293
1830 1318
1830 484
1831 1130
1831 1251
1831 1936
1832 1988
1832 1699
1832 1031
1833 1449
1833 868
1833 1287
1833 964
1834 34
1836 705
1836 1031
1836 1995
1837 1393
1837 905
1837 1899
1838 654
1838 1345
1838 1230
1838 86
1839 17
1839 1782
1839 856
1840 1315
1840 1639
1840 28
1840 777
1841 1901
1841 1205
1841 577
1842 525
1842 627
1842 1865
1842 334
1843 1971
1843 439
1843 330
1845 1864
1845 646
1845 1127
1846 208
1846 1861
1846 993
1847 1056
1847 454
1847 1395
1848 425
1848 1967
1848 1480
1848 209
1849 1801
1849 1985
1850 1269
1850 1389
1850 804
1850 1873
1851 1167
1851 1129
1851 1500
1852 1078
1852 1201
1853 819
1853 548
1854 1082
1854 348
1854 793
1855 964
1855 493
1855 348
1855 1764
1856 506
1857 1020
1857 1960
1857 814
1857 606
1858 769
1858 109
1858 974
1859 919
1859 1865
1859 1838
1859 1763
1860 1567
1860 1223
1860 430
1861 161
1862 1683
1862 296
1863 1559
1863 690
1863 1070
1865 402
1865 1390
1865 1748
1865 807
1866 1431
1867 1019
1868 1931
1868 1601
1868 973
1868 1985
1869 1328
1869 752
1869 914
1869 1322
1870 348
1870 932
1870 1813
1871 1077
1871 1848
1871 1219
1872 1378
1872 1324
1872 148
1873 978
1873 1114
1874 1047
1874 1697
1875 333
1876 1212
1876 1480
1877 930
1877 1920
1877 967
1878 1174
1879 1210
1879 233
1879 245
1880 774
1880 1619
1882 1586
1882 1130
1883 510
1883 223
1883 1913
1884 1746
1884 341
1885 60
1885 950
1885 1779
1886 1618
1886 351
1886 619
1887 254
1888 287
1889 617
1889 1716
1890 1586
1891 1759
1891 1329
1891 30
1891 1721
1892 2
1892 1116
1893 576
1893 759
1893 1563
1894 1450
1894 1999
1894 264
1895 1288
1895 1090
1895 872
1895 215
1896 689
1896 1717
1896 1706
1897 1
1897 660
1898 886
1898 1016
1899 751
1900 821
1900 1301
1901 35
1901 1091
1901 1846
1901 1551
1902 958
1902 1189
1902 1311
1903 620
1904 642
1904 465
1904 1136
1904 534
1905 931
1905 1422
1905 1026
1905 1916
1906 949
1906 719
1907 670
1907 721
1907 614
1907 748
1908 991
1908 614
1909 1396
1910 1282
1910 585
1910 159
1910 752
1911 91
1912 321
1912 795
1912 1121
1912 454
1913 1931
1913 733
1914 592
1914 1417
1916 1539
1916 1616
1916 46
1917 1425
1917 188
1918 929
1918 1682
1918 380
1919 834
1919 1647
1919 51
1920 1105
1920 1074
1920 637
1921 1220
1922 505
1922 1237
1923 888
1923 444
1923 1378
1923 136
1926 1988
1926 1238
1926 1600
1926 1083
1928 152
1928 440
1928 123
1928 579
1929 1453
1929 797
1929 938
1929 1171
1930 1096
1930 1223
1932 443
1933 81
1933 36
1933 1661
1934 1052
1934 127
1934 1306
1937 1752
1937 1693
1937 1366
1937 755
1939 401
1939 479
1939 813
1941 659
1941 360
1942 1133
1942 1041
1942 859
1942 417
1943 1286
1945 1185
1945 571
1945 1738
1946 706
1946 309
1948 588
1950 610
1952 1443
1953 1582
1954 1208
1954 1362
1955 1793
1956 1447
1956 1426
1956 533
1957 1039
1958 98
1958 981
1959 985
1959 483
1959 1211
1962 484
1963 484
1963 544
1963 400
1963 1396
1964 1004
1964 915
1964 28
1965 373
1965 1831
1965 173
1966 1843
1966 230
1966 1667
1966 445
1967 250
1967 1350
1967 457
1967 51
1968 1035
1968 1164
1968 1468
1969 741
1969 382
1969 41
1971 294
1972 1822
1972 459
1972 476
1973 108
1973 1095
1973 887
1975 1037
1975 350
1978 1828
1978 389
1978 695
1978 541
1979 1413
1980 1658
1980 775
1982 5
1982 1383
1983 562
1983 537
1983 1590
1983 120
1984 1680
1984 1870
1984 562
1986 372
1986 553
1987 1955
1987 419
1989 363
1989 1008
1990 694
1990 1128
1992 547
1993 1079
1994 1567
1994 502
1995 581
1995 531
1996 1739
1996 1790
1996 260
1997 1424
1997 988
1998 1518
1998 1971
1998 1119
1998 888
1999 1603
1999 781
1999 1440
1999 507
2000 1572
2000 897
2000 254
2000 1819
