2 336
3 569
3 222
4 367
4 485
5 665
5 629
5 148
6 578
9 80
9 121
10 123
11 860
11 363
12 91
12 417
12 604
13 356
13 866
13 987
14 646
14 840
14 952
14 897
17 471
17 21
18 924
20 834
20 722
20 256
21 354
21 468
21 308
21 953
22 260
22 61
22 937
22 330
24 167
25 587
25 276
25 308
25 135
27 939
28 874
29 732
30 659
30 170
30 658
30 435
32 242
33 260
33 917
33 368
34 142
34 756
34 739
36 466
37 751
37 659
37 12
37 626
38 208
38 669
38 572
38 408
39 378
39 290
40 240
41 520
41 876
42 424
43 642
43 61
44 679
44 519
45 536
45 624
45 644
46 486
46 590
46 558
47 469
47 831
47 312
48 967
49 506
50 743
50 510
50 972
51 940
51 896
51 229
53 158
53 702
53 860
53 445
54 272
54 745
54 383
55 486
57 965
57 411
57 49
57 670
58 737
58 634
59 849
59 109
59 755
59 344
60 524
60 18
60 278
60 367
61 287
61 983
61 74
63 699
63 780
66 887
66 299
66 561
66 685
67 789
68 1
68 415
68 568
68 510
69 597
69 952
69 637
69 622
70 873
70 342
72 123
72 960
72 89
75 722
75 325
76 178
76 619
77 858
77 933
77 864
77 529
78 356
79 988
80 103
81 717
81 487
81 875
83 590
83 776
83 26
83 899
84 778
84 301
84 261
84 151
85 472
85 187
88 644
90 105
90 41
90 960
90 548
94 971
94 725
94 10
95 41
96 596
97 373
97 468
98 17
98 782
100 319
100 546
100 750
101 704
101 351
103 218
103 15
103 321
103 797
105 65
105 662
105 110
106 320
106 331
106 110
107 580
107 730
107 81
108 160
108 830
108 920
109 91
109 204
109 67
111 993
113 669
113 718
113 785
114 492
114 785
116 392
116 754
117 595
118 259
118 111
118 281
118 686
119 919
120 590
120 735
120 294
122 155
123 165
123 142
123 447
123 642
124 614
124 555
124 992
124 250
125 944
125 80
125 604
125 883
126 590
126 808
126 256
129 700
129 900
129 835
130 759
130 198
130 715
130 668
131 474
131 420
131 938
131 810
133 765
133 156
133 993
134 325
136 887
136 311
136 56
137 424
139 413
139 196
139 189
140 912
140 752
140 783
140 581
141 252
142 426
142 770
143 669
143 357
144 432
145 440
145 560
145 593
145 279
146 407
146 534
146 257
146 719
147 554
147 785
148 649
148 308
148 706
148 411
149 375
149 272
150 707
150 608
150 163
150 749
151 224
151 493
152 459
154 276
154 50
154 692
154 988
156 352
156 912
156 342
156 706
157 601
157 857
159 309
159 833
159 353
159 441
160 501
160 447
160 26
161 19
161 876
164 639
164 168
164 622
165 215
168 665
169 808
169 98
170 22
170 105
171 30
171 212
171 683
172 510
173 106
173 423
173 690
173 198
174 937
175 556
176 778
176 677
177 472
178 365
179 590
181 80
182 35
182 867
182 64
182 935
183 104
184 889
185 543
185 705
185 14
185 604
186 481
186 551
186 248
186 448
187 46
190 268
190 499
191 676
191 214
193 813
193 1
193 554
194 765
195 804
196 352
196 699
198 704
198 391
198 404
199 746
199 848
199 861
200 844
200 797
200 803
201 144
201 660
201 603
201 718
204 942
204 493
204 913
204 256
205 130
205 128
205 696
205 101
206 394
206 272
206 712
207 711
207 73
207 63
207 932
208 191
208 604
208 361
208 853
209 701
209 706
210 795
210 613
210 667
210 508
213 284
213 277
215 817
215 53
216 294
216 197
216 678
218 142
219 293
220 689
220 64
220 47
221 584
223 549
223 554
223 639
223 592
225 148
225 248
225 633
227 173
227 774
228 340
228 68
228 114
229 23
229 735
229 827
229 658
230 946
231 913
231 895
231 98
232 175
235 292
235 20
235 272
235 691
237 438
239 882
239 282
239 154
240 687
240 432
240 487
241 221
242 695
242 956
242 624
243 841
244 206
247 142
248 219
248 608
248 154
248 380
249 945
249 844
249 224
251 788
251 709
251 691
252 933
252 913
252 798
254 22
254 37
254 374
254 842
255 711
256 783
257 872
257 692
257 527
258 88
258 273
258 74
258 900
260 924
260 146
260 478
262 219
262 221
262 323
263 166
264 208
264 439
265 431
267 371
268 655
268 476
268 526
271 112
271 169
271 840
271 725
272 604
272 287
272 308
272 407
273 167
273 301
273 366
274 953
274 401
275 608
275 209
275 813
276 83
276 686
276 319
277 9
277 841
277 379
277 898
278 104
278 379
278 461
280 581
280 647
280 396
281 955
281 864
281 641
283 615
283 511
283 568
284 320
285 874
285 166
286 28
286 247
286 98
287 787
287 511
288 520
288 593
288 528
288 608
289 932
290 199
290 248
290 384
291 144
291 226
291 677
291 141
292 33
294 12
295 521
295 321
295 725
295 86
296 300
296 440
296 318
296 653
297 461
298 645
299 380
299 874
299 945
301 339
301 403
303 824
303 919
303 277
303 354
305 747
306 392
306 775
307 225
307 256
308 924
308 189
308 437
309 900
310 647
310 165
310 840
311 719
311 544
313 391
313 504
316 210
316 60
316 230
317 85
317 197
318 577
318 602
319 280
319 597
319 535
319 693
321 687
321 440
322 692
322 230
322 186
322 329
325 92
325 574
326 878
327 126
327 117
328 655
328 898
329 101
329 637
329 615
329 514
330 65
330 445
331 849
331 852
331 307
332 42
332 941
333 276
333 871
333 114
333 641
334 425
336 746
336 599
336 913
338 342
338 996
339 880
339 75
340 518
340 296
340 521
341 500
341 173
341 964
342 392
342 526
342 555
342 464
343 159
343 874
343 915
343 346
345 74
345 989
345 852
345 530
346 54
346 105
348 408
348 516
348 989
348 654
351 143
351 399
352 313
352 256
352 847
352 671
354 121
355 845
355 767
355 687
356 868
359 516
360 842
361 733
363 680
363 848
363 201
363 441
364 426
364 493
366 240
366 246
367 470
367 98
368 986
368 394
368 281
369 558
369 215
369 779
369 123
370 25
370 494
371 775
371 332
371 975
371 882
373 376
374 888
374 509
375 493
375 461
375 942
375 934
376 386
376 296
376 21
377 60
377 243
377 34
378 508
378 338
378 675
378 465
379 17
379 514
379 27
379 941
380 138
380 77
382 180
382 235
383 320
383 392
383 539
384 914
385 459
385 538
386 647
386 88
386 758
386 419
387 558
387 333
388 471
388 522
389 609
389 730
389 207
389 515
390 510
390 386
390 718
390 125
391 222
391 473
391 61
391 684
392 622
392 706
394 191
394 417
395 345
395 365
395 859
395 17
396 84
396 719
396 441
396 162
397 257
397 53
398 946
398 297
398 249
399 303
400 563
400 470
400 62
401 241
403 392
407 938
407 175
407 912
407 760
408 50
408 574
409 206
409 533
409 784
413 799
413 519
413 886
413 630
414 559
415 803
415 749
415 659
416 754
416 636
416 404
416 915
417 823
417 24
417 723
417 225
419 470
419 609
419 762
420 666
420 481
420 192
420 901
421 37
421 346
422 638
422 445
422 564
423 226
425 281
425 877
425 774
426 360
427 271
429 73
430 438
430 551
430 777
432 346
432 409
432 689
433 690
433 488
434 157
434 774
434 268
434 185
436 121
436 970
437 611
440 418
440 479
442 47
442 554
442 899
442 611
443 41
443 679
444 195
444 665
445 955
445 885
445 561
446 674
446 892
447 3
447 203
447 285
447 999
448 491
448 524
448 568
450 853
450 106
450 346
450 407
451 519
451 52
451 792
451 354
452 170
452 354
453 177
453 631
453 375
454 88
455 530
455 588
456 89
456 786
457 5
457 896
457 217
457 548
458 428
458 709
458 758
458 266
459 423
459 590
461 463
461 380
461 345
464 272
464 731
464 965
464 572
465 506
466 889
467 383
469 815
469 680
469 272
469 591
470 797
470 321
470 123
471 800
471 184
472 943
472 557
472 319
473 808
473 381
473 234
474 642
474 49
475 273
475 123
475 866
475 73
478 533
478 852
478 350
479 894
479 340
479 769
479 176
480 484
480 439
480 907
481 504
481 89
481 408
481 12
483 13
483 210
483 444
485 483
485 978
486 173
486 664
487 832
487 220
487 361
488 682
488 339
488 356
488 10
489 706
489 532
489 976
490 463
491 949
491 48
491 163
492 283
492 505
492 966
492 65
493 808
494 250
494 645
495 134
498 539
498 92
499 1
499 381
499 62
500 877
500 458
500 991
502 591
502 34
502 254
502 814
503 456
503 93
503 186
505 660
505 677
505 2
506 692
506 119
506 853
507 205
507 758
507 543
509 302
509 517
510 212
510 315
510 220
511 107
511 533
512 673
512 255
513 173
513 200
513 234
515 475
515 358
517 508
518 685
518 80
519 734
519 517
519 415
519 482
520 404
522 598
522 880
523 466
523 412
523 597
523 193
524 181
524 67
524 546
525 740
526 748
526 557
527 558
527 397
527 116
528 108
529 117
529 75
529 297
529 400
530 849
531 282
531 9
531 51
532 878
534 79
535 67
535 776
535 281
536 900
536 365
536 257
536 551
537 203
539 390
539 664
539 965
539 368
540 673
541 777
542 351
542 884
542 688
543 710
543 129
543 927
543 801
544 983
544 996
545 609
546 836
546 484
546 398
547 62
547 392
547 774
547 146
549 679
549 684
550 785
550 891
550 704
550 863
551 774
551 629
551 781
551 86
552 745
552 255
552 61
552 576
553 305
553 37
553 388
553 493
554 380
554 118
555 917
555 954
555 329
556 452
557 490
557 998
557 984
558 72
561 315
561 712
561 420
562 469
563 965
563 889
563 169
564 264
564 496
564 843
567 547
568 434
568 136
569 940
570 890
570 722
570 978
570 103
571 292
571 273
571 205
571 721
572 61
572 57
573 579
573 728
573 703
574 792
574 445
575 2
575 480
575 564
575 634
576 516
576 304
576 780
577 87
577 517
580 894
581 688
581 977
581 237
581 887
584 619
584 58
584 807
586 446
586 591
586 100
586 455
588 21
589 101
589 975
591 192
591 955
591 623
591 535
592 131
592 856
592 397
593 573
593 715
593 185
593 730
594 383
595 134
595 396
595 833
596 736
596 915
596 145
597 494
602 926
602 199
604 478
604 998
604 258
605 346
605 127
607 348
607 802
609 26
610 202
610 654
610 497
610 196
612 763
612 932
613 722
613 624
613 883
613 104
614 183
614 699
615 882
618 793
618 144
618 529
619 710
619 760
619 808
619 129
620 675
620 740
620 989
621 860
623 339
623 84
623 166
624 214
625 4
625 925
625 620
625 927
626 590
626 600
626 248
627 894
627 220
627 657
627 233
629 915
630 616
630 750
630 566
630 618
631 574
631 215
631 109
631 149
632 342
634 534
634 141
634 98
637 554
637 595
639 74
639 41
639 554
640 730
640 336
641 894
641 6
642 537
643 925
643 969
643 935
643 677
644 271
645 410
646 490
646 593
647 897
648 174
649 311
649 988
649 258
649 207
650 334
651 754
651 255
651 916
652 576
652 173
652 460
653 520
653 117
653 43
655 435
655 444
655 71
655 241
656 297
656 804
657 383
657 389
657 559
657 533
658 160
658 970
658 145
658 492
659 335
659 61
659 676
660 467
660 855
661 853
661 363
661 423
661 584
663 882
663 897
663 291
663 252
664 5
664 544
665 473
665 192
666 574
666 103
668 636
668 578
668 982
668 817
669 916
670 156
670 921
670 71
670 367
673 653
673 763
673 894
674 632
674 617
674 718
675 946
675 779
675 221
676 337
676 177
676 513
676 411
678 67
678 44
678 786
678 526
679 333
679 248
679 474
679 510
680 815
682 487
682 628
682 602
684 988
684 867
684 406
684 17
685 703
687 517
687 563
687 675
687 402
689 675
690 670
690 500
690 336
692 43
694 463
695 517
696 575
696 823
696 663
696 88
697 610
697 35
697 287
700 157
700 517
701 285
701 528
701 339
701 773
703 285
703 180
704 967
704 879
704 237
705 137
705 922
705 136
706 725
706 361
706 464
707 92
707 950
707 996
707 423
708 73
709 835
710 491
710 26
713 677
713 71
713 793
713 720
714 78
714 932
716 949
716 94
716 560
716 593
717 823
717 470
717 469
717 711
718 88
719 567
719 822
719 338
721 33
721 798
721 114
723 8
724 266
724 524
724 102
724 525
725 195
725 177
726 655
726 364
726 100
726 138
727 165
727 177
727 78
727 460
730 773
730 955
730 594
730 274
731 362
731 604
732 939
732 402
732 861
733 814
735 617
735 566
735 450
735 452
737 176
737 552
738 106
738 723
738 345
738 398
739 475
740 322
740 555
740 982
740 280
741 182
741 938
741 161
741 735
742 296
742 294
742 860
742 138
743 213
743 815
743 667
743 404
745 535
746 641
747 902
748 41
748 262
749 755
749 719
749 892
749 980
750 200
750 792
750 529
751 5
751 869
751 499
751 384
752 242
752 279
752 45
752 38
753 849
753 582
753 567
754 246
754 458
754 663
755 449
755 976
755 473
755 952
756 68
756 579
756 341
756 47
757 58
757 244
757 265
757 853
758 112
758 771
759 185
760 972
760 177
760 229
761 664
761 893
763 721
763 956
763 768
765 265
766 242
766 688
766 144
767 961
767 16
767 999
768 406
768 388
768 878
771 806
771 204
771 45
771 839
774 695
774 304
774 530
774 419
775 812
776 661
777 504
777 404
777 960
777 600
778 932
779 719
779 958
780 71
780 876
780 776
781 801
781 301
782 843
782 202
782 798
782 34
783 795
783 915
783 890
784 889
784 776
785 465
785 855
786 703
786 795
788 891
788 781
789 292
791 382
791 173
791 956
791 782
793 423
793 939
794 798
794 220
794 285
796 676
796 787
798 649
798 580
798 881
800 918
802 467
802 983
802 447
803 519
803 843
803 276
803 73
804 279
804 414
808 421
808 589
808 501
808 510
809 449
809 549
809 298
810 32
811 918
811 861
814 985
814 62
815 788
815 325
816 21
817 800
817 204
817 459
818 430
818 115
819 633
819 365
819 215
822 278
825 833
826 309
826 55
826 123
826 157
828 85
828 509
829 405
829 955
831 849
832 478
832 746
833 342
833 365
833 907
833 664
834 352
834 425
835 29
835 416
835 452
835 308
836 862
838 808
838 711
838 812
839 539
839 704
840 850
840 556
840 156
840 633
843 335
843 992
844 787
846 59
848 917
848 902
848 302
848 621
850 714
850 745
850 214
850 612
851 478
851 322
851 354
851 485
852 648
853 864
853 520
853 730
855 54
855 675
856 424
856 377
856 380
856 710
858 155
858 350
858 335
858 817
860 185
860 263
860 769
861 397
862 264
862 34
863 870
864 82
864 877
864 164
865 343
865 742
865 385
865 776
866 869
866 269
866 315
868 970
868 62
868 416
869 288
869 585
869 540
869 173
870 262
870 318
872 360
874 813
874 143
874 203
874 265
875 505
876 248
876 939
877 484
877 494
878 191
878 18
878 599
879 379
879 866
880 725
880 475
880 46
880 911
881 662
881 481
882 374
882 458
882 343
883 467
885 86
885 841
886 178
887 537
887 635
887 73
890 264
890 469
893 443
895 176
895 370
897 434
897 489
897 593
898 537
899 916
900 56
901 799
901 300
902 933
903 737
903 774
903 607
904 817
904 995
904 638
905 901
905 157
906 959
906 712
906 934
907 502
907 534
907 77
908 923
908 605
908 457
909 992
910 704
910 2
911 544
911 589
912 950
912 436
913 356
913 420
913 461
913 148
914 756
914 130
916 688
916 316
919 996
920 383
920 454
920 448
920 869
921 458
922 950
922 758
922 790
922 493
923 904
924 283
925 169
925 651
925 387
925 59
926 522
926 317
926 309
926 460
927 157
927 382
929 863
929 533
929 119
930 446
930 864
930 599
931 4
932 335
932 129
932 717
932 371
933 868
933 569
935 652
935 922
935 270
936 538
936 491
936 514
936 778
937 257
939 585
939 524
940 910
940 801
940 202
940 599
941 597
941 959
941 841
942 959
942 745
942 962
943 395
945 539
945 309
946 784
946 251
947 84
947 362
947 469
948 589
950 850
951 934
953 522
953 303
953 670
953 74
954 888
955 279
955 939
956 146
956 224
956 67
958 594
958 814
958 763
959 341
959 797
959 386
959 757
962 31
962 653
962 984
962 306
963 260
964 480
964 623
964 617
965 551
965 78
965 835
965 230
968 154
968 982
968 606
969 789
969 404
969 315
969 716
970 44
971 772
971 525
971 837
974 214
974 494
974 623
975 571
975 581
975 708
976 301
976 823
976 339
976 633
977 67
977 779
978 756
978 58
979 537
979 238
980 369
981 344
981 252
981 535
982 813
982 357
982 427
983 882
983 13
984 514
984 41
984 146
984 589
985 67
988 341
988 843
988 85
988 225
989 142
989 928
990 968
990 225
991 658
991 427
993 32
993 414
993 372
994 790
995 525
995 516
997 692
999 427
999 118
1000 306
1000 728
