1 319
2 85
2 375
2 338
2 106
3 469
3 109
3 477
4 212
4 128
4 159
4 495
6 489
6 85
7 361
8 235
8 269
8 70
8 157
10 190
10 475
10 330
11 363
11 167
13 231
14 113
14 102
16 467
16 306
16 285
17 166
18 235
19 401
19 197
19 18
22 50
22 463
22 293
22 7
24 447
25 67
26 313
26 245
27 269
27 423
27 342
27 194
28 93
28 321
28 35
28 126
29 117
29 62
29 310
29 197
30 218
30 231
31 77
31 192
32 196
32 233
34 152
34 413
34 212
34 175
35 323
35 399
36 373
36 224
36 332
36 222
37 248
38 408
39 119
40 425
40 178
40 304
42 301
42 323
42 371
43 76
43 121
44 73
44 179
45 10
46 468
46 215
46 14
49 363
49 189
49 155
50 23
50 208
51 67
51 261
51 423
51 367
52 218
52 78
53 24
53 426
54 263
54 91
54 98
54 53
55 175
55 124
56 286
56 140
57 107
57 445
57 346
57 271
59 399
59 128
60 283
60 110
60 406
61 348
61 87
61 115
61 200
62 134
62 169
62 183
62 346
63 75
63 53
63 348
64 168
64 441
64 324
64 292
65 31
66 438
66 332
66 319
67 338
67 364
67 230
67 371
69 421
70 193
70 238
70 143
70 382
71 58
71 482
71 273
72 322
72 260
72 63
72 476
73 87
73 283
73 103
74 88
74 127
76 482
77 67
77 439
78 396
78 37
78 298
80 339
80 315
80 43
80 269
81 283
81 489
82 76
82 460
82 500
82 91
83 210
83 274
83 349
84 401
84 493
84 33
87 474
87 419
87 365
87 77
88 212
88 249
88 247
88 20
89 471
89 464
89 155
89 3
90 228
90 451
90 152
90 139
91 153
91 206
91 297
91 182
92 71
92 95
92 414
93 112
93 119
93 139
94 238
94 27
94 475
94 136
95 437
95 229
95 58
96 287
96 42
97 67
98 470
99 158
101 275
101 393
102 354
102 119
102 153
104 472
104 400
104 107
105 163
105 193
105 172
105 306
106 476
106 237
106 487
106 429
108 398
108 470
108 449
108 166
109 127
109 11
110 20
110 204
111 154
112 435
114 452
115 289
115 494
116 112
117 486
117 149
117 365
117 133
119 328
119 107
119 493
119 420
120 237
120 204
121 136
121 192
122 65
123 382
123 34
123 72
124 120
124 364
124 191
125 151
126 136
126 366
126 65
128 252
128 232
130 99
130 333
130 402
131 128
131 17
132 294
132 464
135 354
136 62
136 355
137 60
137 349
137 392
138 122
139 440
139 353
139 137
139 315
140 495
141 24
142 173
142 238
142 174
143 231
143 123
143 35
144 398
144 247
145 283
146 192
146 391
146 141
146 56
147 74
148 484
148 265
148 181
149 4
149 438
150 113
151 370
151 62
151 425
152 467
153 371
153 93
153 409
153 427
154 496
154 59
156 311
157 53
157 74
158 368
158 150
160 120
160 425
161 457
161 146
161 287
161 17
162 174
162 54
162 361
162 470
163 213
163 436
164 107
164 144
165 300
165 34
166 36
167 54
167 18
167 321
167 119
169 74
169 113
172 134
173 112
174 202
174 168
175 468
175 124
176 140
178 97
178 201
178 471
180 422
180 344
180 426
181 438
181 455
181 247
182 12
182 21
182 465
182 47
184 434
185 418
186 158
186 392
186 447
187 8
188 208
189 435
189 379
190 372
190 20
191 174
191 258
191 157
191 490
193 229
193 162
195 450
195 423
195 269
196 398
196 168
196 231
198 445
199 7
199 305
200 434
200 22
201 112
201 232
201 453
203 83
204 164
204 396
204 257
205 215
206 451
207 271
207 174
207 468
207 217
208 328
208 73
209 139
209 360
210 195
210 373
211 224
212 92
212 248
213 489
213 54
213 278
213 132
214 232
214 171
215 390
215 44
215 458
215 67
216 125
216 480
216 249
218 426
218 36
218 461
219 315
219 125
219 25
221 51
221 291
222 364
222 429
222 322
222 155
226 25
227 134
228 98
228 384
228 125
229 426
231 99
231 327
232 88
232 223
232 167
232 319
234 425
234 52
234 18
234 227
235 236
235 332
236 17
236 9
237 153
238 401
238 59
238 64
238 490
240 361
241 405
241 230
241 349
242 394
242 177
242 302
242 88
243 258
243 137
245 328
245 469
245 458
245 285
246 100
246 8
246 383
246 116
247 153
248 300
248 143
248 349
248 354
249 449
249 247
250 436
250 364
250 286
250 450
251 326
251 331
251 339
251 22
252 144
252 400
253 485
254 144
255 347
255 293
255 370
255 475
256 189
256 386
256 420
256 283
257 185
257 331
257 485
258 397
258 222
259 445
259 390
259 249
260 437
260 5
261 311
261 498
261 174
261 382
263 466
263 206
263 3
263 119
265 252
266 277
266 2
266 358
268 301
268 54
268 141
269 44
269 6
271 204
272 1
273 359
274 31
274 81
275 470
275 469
276 409
276 14
276 156
276 72
277 225
277 53
277 342
278 367
278 6
280 300
280 19
280 303
280 177
281 365
283 431
283 268
284 225
284 72
285 9
285 262
285 3
287 300
287 14
287 76
290 145
290 73
290 463
291 497
291 144
291 213
292 96
292 379
292 6
292 4
293 216
293 374
294 66
294 426
295 33
295 143
295 213
295 401
296 376
296 271
296 312
296 28
297 36
297 317
298 432
298 84
299 114
299 454
300 386
300 60
301 87
301 92
301 266
301 400
302 250
302 498
302 489
302 407
303 315
303 46
303 417
303 400
304 279
306 260
306 448
306 111
307 130
307 471
307 175
309 158
310 230
310 287
311 254
311 141
311 82
311 18
313 190
313 229
314 285
315 192
315 110
315 380
316 254
316 118
316 305
316 221
318 196
319 4
320 172
321 344
322 245
322 79
324 282
326 63
326 29
326 367
326 469
328 349
328 374
328 382
328 39
330 395
330 142
330 432
331 298
332 224
332 108
332 154
332 125
335 493
335 169
336 418
336 190
337 354
337 330
337 55
338 473
338 204
339 209
339 393
340 174
340 479
342 133
342 319
342 104
342 129
343 303
343 177
343 302
344 58
345 468
345 33
345 478
345 297
346 499
348 431
348 397
348 203
349 41
349 489
349 238
349 245
350 365
351 398
351 160
351 174
351 228
352 409
352 242
353 128
353 394
353 225
355 416
355 332
355 477
356 313
356 187
356 384
356 410
357 392
357 372
357 333
357 447
358 213
360 229
360 310
361 401
361 199
361 447
361 281
362 332
362 103
363 188
363 484
364 253
364 350
364 226
364 70
365 485
365 319
365 442
366 469
367 475
367 221
367 64
368 247
368 405
368 182
369 479
369 111
370 143
370 433
370 109
371 493
372 435
373 461
374 410
374 329
374 332
375 428
376 29
378 182
378 374
378 299
379 61
380 79
380 148
381 386
381 132
381 169
381 152
382 98
383 115
384 480
384 445
384 200
384 38
385 316
387 117
387 434
388 265
388 54
389 43
390 258
391 432
391 420
391 219
391 242
392 351
393 96
393 239
393 315
394 44
394 329
394 85
394 333
395 298
395 345
397 129
398 68
398 154
399 162
399 482
399 108
399 77
401 200
404 39
404 155
405 80
405 237
406 127
407 363
407 241
407 426
407 147
408 44
408 260
408 375
408 370
409 224
409 91
410 97
410 107
410 266
411 345
411 440
411 428
411 152
412 460
412 293
412 452
413 111
413 10
413 90
414 292
414 65
416 127
416 381
416 180
416 330
417 393
418 433
419 292
419 500
419 32
419 362
420 272
420 341
420 236
421 390
422 250
422 394
422 327
423 301
423 425
423 244
423 396
424 90
424 266
424 55
425 222
426 138
426 15
427 293
427 257
427 329
428 142
428 202
428 62
428 427
430 89
430 13
430 306
431 316
431 15
433 428
433 27
433 132
434 357
434 332
434 377
434 82
435 186
435 159
435 128
435 322
436 429
436 242
436 79
437 344
439 283
439 86
440 433
440 260
440 11
440 474
441 424
441 113
442 411
442 412
443 210
443 328
443 53
443 385
444 384
444 483
444 205
446 55
447 95
447 269
447 18
448 31
448 26
448 444
449 121
449 122
449 414
450 455
450 235
450 241
450 451
451 197
451 121
451 204
452 205
453 114
453 169
454 189
454 84
456 424
456 358
456 423
456 59
457 15
458 396
460 4
460 493
461 455
462 154
462 142
462 280
462 404
463 246
464 483
464 385
465 162
466 468
466 344
467 24
467 329
468 310
469 373
469 244
469 474
469 412
471 105
471 30
471 44
471 284
472 8
472 157
474 41
475 232
475 322
476 495
476 149
477 49
477 396
479 355
480 367
481 22
481 432
481 279
481 488
482 183
482 374
482 387
482 493
483 307
483 253
483 349
486 108
486 44
486 394
486 115
487 130
487 340
489 417
489 107
489 472
489 92
490 118
490 148
492 31
492 303
492 432
493 101
493 385
493 428
493 27
495 196
495 123
496 318
496 64
496 188
496 195
497 201
498 333
498 472
498 336
498 214
